1.0 0.0
0.998478449798 0.000359822570704
0.993922542763 0.00143304672201
0.986358490479 0.00320116210295
0.975829912013 0.00563403469939
0.962397723071 0.00869092097846
0.946139961388 0.0123217726454
0.927151532344 0.0164687311887
0.905543858497 0.0210677012581
0.881444418758 0.0260498931053
0.854996166919 0.0313432366652
0.826356824634 0.0368735920549
0.795698049873 0.0425657109507
0.763204487538 0.048343937285
0.729072713415 0.0541326703055
0.693510085543 0.0598566444484
0.656733517845 0.0654411051488
0.618968189763 0.0708119747649
0.580446202854 0.0758961062852
0.54140519159 0.0806217136889
0.502086891689 0.0849190472918
0.462735666154 0.0887213519679
0.423596987401 0.0919661087214
0.384915874108 0.0945965194987
0.34693528378 0.0965631555962
0.309894466352 0.0978256558567
0.27402729001 0.0983543359314
0.239560556851 0.0981315573214
0.206712332158 0.0971527066587
0.17569031596 0.0954266523437
0.14669028822 0.0929755763866
0.119894659049 0.0898341218565
0.0938319031655 0.0859376336987
0.0650870143557 0.0780395646895
0.0418860762497 0.0663604921238
0.0240390135551 0.0529502655425
0.0110810204682 0.0393439346939
0.0025453317267 0.026634010873
0.0 0.0155719545846
0.0 0.00662578185526
0.0 0.0
0.0057963836618 -0.00417856611441
0.0142629715115 -0.00602569414074
0.0250846913675 -0.00605670338076
0.0378624187435 -0.00497998965402
0.0520814275232 -0.00364245371844
0.067107398796 -0.0029247774768
0.0822728525181 -0.0035814537021
0.0971511644265 -0.00610017587484
0.119699282049 -0.00987277138374
0.146202817701 -0.013188592519
0.174861502058 -0.0159862644006
0.205502260228 -0.0182646546586
0.237940700812 -0.0200329457547
0.271982009994 -0.0213104380199
0.307421878368 -0.0221257306965
0.344047476571 -0.0225153666962
0.381638495034 -0.0225220672514
0.419968259798 -0.0221927106746
0.4588049309 -0.0215762228678
0.497912783275 -0.0207215452797
0.537053563249 -0.0196758293878
0.575987907721 -0.0184829775463
0.614476808629 -0.0171826113825
0.652283102923 -0.0158095048626
0.689172968188 -0.0143934740747
0.724917406012 -0.012959674062
0.759293698741 -0.0115292185601
0.792086829586 -0.0101200143061
0.823090860342 -0.00874768959469
0.852110264374 -0.00742649761365
0.878961214466 -0.00617008810674
0.90347282511 -0.00499206422089
0.925488346936 -0.0039062721274
0.944866307458 -0.00292680564752
0.961481587781 -0.00206774284975
0.975226420127 -0.00134266271669
0.986011286915 -0.000764014287467
0.993765699412 -0.00034242574991
0.998438833281 -8.60454022346e-05
