/*--------------------------------*- C++ -*----------------------------------*\
| =========                 |                                                 |
| \\      /  F ield         | OpenFOAM: The Open Source CFD Toolbox           |
|  \\    /   O peration     | Version:  4.1                                   |
|   \\  /    A nd           | Web:      www.OpenFOAM.org                      |
|    \\/     M anipulation  |                                                 |
\*---------------------------------------------------------------------------*/
FoamFile
{
    version     2.0;
    format      ascii;
    class       labelList;
    note        "nPoints:5826  nCells:5281  nFaces:18756  nInternalFaces:7649";
    location    "constant/polyMesh";
    object      neighbour;
}
// * * * * * * * * * * * * * * * * * * * * * * * * * * * * * * * * * * * * * //


7649
(
18
1406
2968
19
2426
5178
204
506
4435
340
637
4752
231
250
4717
239
1239
2698
186
408
3441
23
1222
4194
23
554
1367
396
412
4813
479
488
4855
515
795
3621
108
123
4613
761
1568
4571
19
670
3783
964
1583
3638
688
743
3247
320
382
4942
1098
4337
5269
127
566
769
965
1161
4966
813
814
995
791
55
848
4505
107
2236
4853
1185
1199
496
538
3901
110
2250
4854
457
893
1837
468
2758
4941
32
36
1913
199
1916
377
3004
5045
557
607
4216
266
302
3640
1249
4658
1126
1132
84
2689
5050
982
1011
307
2602
3399
1258
1341
495
628
1326
715
732
4285
336
1071
1953
473
3405
5102
334
594
3493
807
4777
5038
452
516
2815
299
2058
511
3785
5120
391
698
2540
249
853
2102
333
348
387
687
776
4716
402
2552
587
825
2704
458
574
2346
75
3425
4486
144
2153
2547
351
794
868
411
995
3428
211
1073
4920
356
1015
4831
391
512
4612
1016
1141
1064
1719
4669
1697
4303
5278
105
1080
4604
178
626
1513
791
3078
3782
347
447
1687
596
3327
5122
138
673
1184
388
1130
1192
953
2465
229
1101
4931
398
916
2072
228
393
4183
149
2255
4683
697
1335
1546
382
1040
1367
876
1535
1959
837
1470
1534
416
2563
896
2515
2784
261
485
1723
104
3495
4549
201
208
3858
1143
1166
135
1209
2804
154
435
2315
1170
1172
1176
1178
966
1647
4693
407
460
2127
287
487
1054
1312
2273
3045
569
3316
4358
1189
1190
121
258
3033
319
1028
1522
875
1146
4867
926
1590
2325
1065
2487
688
2840
786
4240
5241
110
1466
397
4631
672
1060
4668
781
624
2537
2776
445
1090
4295
564
675
1928
523
992
5138
186
270
4198
146
1437
2964
792
1224
2659
789
974
1893
1203
1230
373
678
1245
251
591
273
482
988
2125
174
701
1179
1368
1370
145
536
815
270
555
1021
1641
4689
481
735
805
820
1415
1430
148
534
3433
137
530
1393
249
525
1620
719
878
1411
1217
3254
230
910
1302
537
1392
619
1272
1105
1666
4676
424
1089
1799
152
290
574
1082
2212
4799
1292
1328
442
4174
531
797
819
3144
1306
1348
185
2078
976
4674
291
1050
2044
800
1215
4790
175
1691
478
1002
5239
311
3453
778
1191
4734
330
930
1533
173
579
1465
214
542
4580
1116
2369
4664
169
258
1499
633
1300
2830
766
1005
3014
1399
1401
627
1083
1363
1403
1404
505
1361
3382
771
1477
3614
404
2664
3861
403
3254
292
2395
2611
574
856
1265
196
888
4909
197
4494
636
2088
458
1412
431
2915
5047
1378
1394
622
4240
1355
1365
443
1031
1591
1099
1632
4030
572
1552
5151
1400
1405
438
2903
5049
432
4458
3196
372
2777
4645
1049
1202
2987
207
508
2171
1118
1208
5082
620
1862
2446
796
2095
3048
205
1171
3065
363
1974
2400
884
1007
1276
2032
3229
660
693
309
451
1004
1974
3639
834
1069
2367
1753
4579
826
1185
3866
356
735
802
1658
3773
440
600
1428
1807
1156
3957
1297
5064
243
1624
1750
1547
1554
799
3241
430
2501
4848
1433
1435
449
3059
238
687
937
367
2700
5011
938
1037
1256
1558
1561
492
709
1078
1001
1096
1737
453
2580
4837
370
2740
5012
1485
1519
1234
1301
1835
374
1315
4468
316
1700
4336
236
2208
4303
349
1332
831
3263
1694
1873
1009
3214
235
4394
301
1216
2217
1113
1182
1668
3792
1533
5071
1444
1472
1382
3435
3189
5251
1078
1163
1705
1451
1476
816
2276
5135
357
5247
287
732
1663
648
1446
3033
634
1035
2028
839
894
1266
950
1496
2209
835
877
2710
2394
3036
990
2465
4153
1467
1489
322
2422
3538
375
498
752
1343
1542
1548
1311
1321
4242
1806
627
820
3566
1672
1704
1750
2498
272
552
2083
1627
1631
389
1026
4706
1634
1635
360
2550
540
950
3751
526
1018
4095
764
2720
5096
4046
1269
1313
4083
1347
1502
599
1137
734
1035
2137
852
1537
3667
279
566
2779
634
719
3080
1158
3291
3877
594
748
1179
2135
1612
3832
5275
437
789
4300
319
650
2863
1699
1771
1070
1219
1413
717
1417
3443
782
1111
2487
3888
722
2352
3653
695
1265
1195
2029
1379
3067
1429
1515
2042
1685
1746
355
1058
1773
304
2516
2869
1512
1905
5131
960
1505
2795
2015
4293
506
698
2738
579
4678
522
5277
1293
2593
3397
877
4228
859
2002
2118
1033
1796
2277
1750
3875
1681
1684
467
739
924
1199
4101
2269
4145
454
666
1040
2181
2191
329
519
1275
472
1514
4291
2272
2880
690
1468
3353
1888
2347
3401
888
1165
2505
700
2544
3050
591
3036
331
762
2181
850
900
1113
964
1335
1652
445
2012
4106
346
840
1600
443
1135
1495
361
1010
4428
5279
604
2191
1237
1978
2581
3693
4952
528
769
710
888
1562
2352
3872
1155
1836
3393
621
622
5190
1487
2762
4128
2242
3900
480
684
4826
414
1456
2354
1377
1839
2573
1263
1449
1483
1791
1833
829
1877
949
3056
395
2177
1171
2478
561
1178
2334
772
1657
551
1296
1955
1295
3371
3713
1251
1872
3194
961
1849
3019
1919
3875
872
954
4042
680
2059
2109
999
1769
2990
4523
775
1047
1216
1683
5265
1777
1783
366
1953
4740
3165
4745
370
2096
815
822
1376
612
1181
4726
1316
462
1302
1582
987
2498
715
1053
1977
3270
3129
3536
426
611
3144
983
4606
699
1492
3950
616
1556
5235
810
1067
3599
623
814
5028
4856
1907
3325
4341
603
1166
2510
1450
1479
4318
1913
1916
1235
2917
1776
2330
1149
2659
525
1628
2004
1520
1751
1757
581
640
1223
1238
2234
2866
4954
1279
3315
408
1340
2422
3771
467
649
4470
832
908
3844
1513
1967
2333
2580
4573
775
1217
2237
5278
1793
1810
787
1043
3754
2537
3980
864
541
1437
1556
1087
1347
1857
461
1128
1289
3092
1716
2290
4998
1677
1873
487
3010
3040
1484
2082
1564
2508
3934
1248
3011
3460
706
1123
1475
651
905
3209
1881
1903
795
1265
2240
702
3400
4439
1147
3924
685
2350
2442
1069
1397
1281
1890
1931
1852
1867
1201
2202
2765
2345
2568
438
1278
976
4818
494
788
2281
943
3303
3865
2132
2729
780
1518
4001
1336
3106
2379
768
2285
2962
638
1418
885
1736
3182
2856
3753
1209
652
824
4213
3715
2342
2411
600
942
790
1247
3568
824
1307
742
779
921
1710
3784
3652
5145
2019
2610
1070
2112
1944
1966
1262
1665
3952
1314
4205
1118
634
878
1572
1637
2711
1290
4039
639
2356
1748
2201
2948
1151
1758
3796
972
1417
1606
657
1474
1951
5099
676
5210
655
1810
2387
471
907
2081
933
1906
745
3226
2407
4826
512
1339
2738
2000
2036
730
892
3890
1755
3628
4514
578
821
1441
3394
738
5058
1150
2425
1486
2119
484
1838
4804
2127
4805
771
925
581
898
2399
1289
1453
3231
1280
1388
2514
1943
1968
2033
2060
1354
4670
1229
1523
2554
2121
3017
4426
5230
2284
5226
881
2168
3968
897
1206
1007
2883
4130
1973
1987
1290
1570
1729
661
1100
4815
1241
1333
1568
642
1738
2991
2661
4779
1149
659
1953
4738
2501
4636
1531
1796
3414
586
2876
4001
596
2419
2443
1898
3505
3719
2079
2107
695
4850
2786
4561
674
1291
1439
1520
1683
3726
2010
4360
553
1615
1812
885
1762
3732
2745
5210
836
1344
881
1529
2368
1994
1831
2974
902
3425
5018
1598
2145
770
1183
1758
1779
4629
3677
4956
1496
1861
5223
606
2059
3324
1333
2480
621
2139
3197
3860
4958
1667
4632
3586
3990
1037
2019
4211
1167
5187
1473
3843
1645
2382
751
1867
2566
1317
1863
2319
1282
1347
4684
1506
2352
2418
549
2072
4793
1250
1475
4339
3211
4794
1800
1929
4466
1807
4510
2025
1996
3110
1413
3762
2170
2232
1258
2341
3009
1422
2671
645
936
2955
952
3495
5031
618
4244
4428
1630
2511
774
2075
787
1396
2695
598
2432
973
1314
3508
1034
1218
1626
2953
1622
1946
2924
1882
3314
1117
1247
2875
689
1742
2525
835
4875
1004
2190
4906
588
1471
2286
584
1081
3515
1649
4041
4252
1181
2116
917
2572
2634
859
759
1567
4996
1242
1333
4671
1130
3573
721
2375
5001
2262
2925
946
4459
2103
5183
1264
1578
3836
592
2245
4887
1499
3501
4889
2207
2229
3246
1222
1585
4808
1373
1057
2323
3270
1766
2285
1813
4212
1231
931
3362
4778
2260
2275
1847
1985
1407
5240
650
689
1562
810
1754
1320
5029
1112
2607
3810
1004
1205
1599
620
1464
1507
1227
1525
1621
1714
951
1491
3868
920
3100
3723
617
2077
2587
4576
5264
2536
4818
930
1511
1664
4672
812
1453
5241
1281
4206
937
3041
765
1120
2717
2139
3249
5046
690
1291
864
1077
3380
1237
1302
1515
1295
1416
3936
1301
1786
4355
1741
4569
1025
1317
2388
1774
4215
3921
4750
2125
4526
1160
1237
1418
1442
664
1052
2043
1509
2858
767
976
3486
1160
3184
3194
1168
3896
651
1980
2050
804
2072
4792
915
1360
2190
3683
4819
1066
1669
4484
1097
1495
4857
1046
2456
4098
1553
1651
1010
1177
2199
1048
2440
1308
3644
4119
2123
3714
4453
5262
2318
4178
2289
2298
1358
2263
2355
1075
2590
2171
2172
1356
2505
1213
2564
3715
1103
1436
4110
731
2281
3549
2014
3352
1046
1792
2565
1080
1168
2062
4673
755
5037
1661
2421
1374
2038
792
874
4099
1487
2623
1589
1650
2675
1057
1434
1303
2254
3383
736
1604
2385
812
1625
1904
2486
4916
1184
4595
2458
2499
3150
4052
4566
1610
1229
1609
2666
723
777
1812
917
1639
977
1348
3271
2304
954
1551
2532
1844
3107
1026
2925
5097
3894
4461
1055
3375
943
1935
739
1091
3577
963
1328
3309
1200
1621
1769
1710
5003
1013
1053
4108
1180
1458
2382
3477
2032
5274
791
1367
4856
773
1106
1462
865
2176
2382
1027
1749
3577
4108
892
1596
2972
3459
5065
1117
1194
2953
3031
980
1102
2179
980
1343
1663
4185
1264
1918
747
2074
4768
1063
1079
2403
798
1968
3086
919
2239
5006
1063
1153
4234
875
1211
4326
1887
2647
781
1914
5147
1125
3877
5091
980
1548
5170
2303
5198
882
2127
4806
1708
4374
3484
2335
2759
5274
1617
2879
4433
1514
4105
904
3453
1036
1404
3341
1503
3497
752
1478
2025
2219
2322
944
1251
1381
2479
3121
974
1756
3660
1724
1764
4280
1826
1984
2642
1633
1787
2856
2644
3204
1095
3713
5112
1423
1782
2330
1817
1821
4858
2701
4399
2616
2815
1459
3491
1629
5227
903
2196
4827
2394
3608
2316
4567
3061
3617
2627
4179
1707
1834
2232
1322
2916
3030
2147
4870
1885
2152
2239
2971
1655
1099
2776
846
3222
1464
2446
999
1615
3155
3653
1188
1727
5260
1935
3951
4679
823
3917
4361
2143
2179
2375
3435
5232
3827
1068
1109
4898
2030
3324
4204
1263
3442
4149
3651
4871
2080
1224
5130
822
983
1592
1952
3425
4776
1372
2642
2286
2332
1598
2320
1198
1212
2403
2069
3799
830
1244
869
2594
2782
1202
1671
857
1329
2785
1294
1500
1824
3378
887
1815
2448
833
837
993
1320
1854
1978
3685
2030
2845
2875
1497
2213
3581
1227
4840
5197
943
4817
1814
2455
3305
2462
1737
5226
924
3077
1452
3080
4835
1038
1671
3924
2092
4788
863
4460
3495
4797
1305
4683
1221
2160
1954
5117
2182
1907
4945
4544
1234
1876
2074
1784
3811
2205
4789
2105
2463
4667
1184
1713
3172
1369
1702
3033
2416
2420
2385
2424
973
5014
2428
2433
2990
3893
1360
2271
3292
996
3478
1096
1100
4192
1030
1062
2004
2279
1181
1200
1503
2295
2453
4947
1410
5101
2459
4616
2461
2474
893
2466
2482
2849
2862
1743
1948
3448
1255
1701
4046
2133
3111
1017
2263
3440
2717
2719
1278
4680
1053
3141
2448
2503
1214
1277
1775
3054
3850
1344
4148
4746
1285
1494
1331
1204
4220
3950
3221
1748
2106
2491
1144
2107
3250
4263
2257
3903
1350
2283
3302
1962
2451
4019
1798
1880
1908
2058
2490
1322
4081
4329
990
1335
3989
1785
1995
3494
3993
2399
1848
5044
2122
2158
3100
3313
4996
1701
4929
978
4390
1330
2118
4584
2355
3175
2783
2785
2430
3503
2329
3933
2938
2943
1645
3059
1029
2245
4885
2344
4928
1028
3936
3007
4232
5280
2529
4273
960
988
2592
1745
3645
4709
1034
3380
3869
1511
1569
3039
1789
3335
2022
4971
1768
1233
1547
3661
2377
3555
1623
2694
3110
5207
2635
2641
1372
1715
1984
932
987
4701
1688
4179
2526
2539
2533
2534
1268
4295
5206
1072
1855
2561
1108
2907
2447
4932
2546
2549
2551
2552
1080
3507
5232
1975
2522
2684
2690
2101
2489
3018
2574
2585
2309
4715
1516
2937
1150
4627
5231
2089
3357
2583
2584
1119
2066
4038
1884
2363
1917
2288
3549
2500
3611
1073
1187
4065
1926
2047
3169
2670
2674
2578
2588
2596
2597
2678
2691
2051
1923
4903
979
2070
3043
1763
2541
3740
3306
3509
2493
3180
2626
2638
1934
2486
4732
3320
3451
998
1698
4467
1162
1960
3483
2924
3772
5271
5212
1758
2133
3057
1891
2598
1442
2120
1646
2245
2727
2737
2174
5021
1094
1226
1639
4008
2743
2748
2117
2493
2619
3449
2313
3025
3071
1583
1285
2307
4033
1277
2052
1281
4719
1148
2697
4959
2353
1358
2836
1437
1830
2494
1241
4671
4105
2703
2709
3061
4585
2632
4744
2842
2844
1737
1797
2921
2935
5148
1955
2455
2754
2869
4651
3267
2165
4972
3432
3695
1383
2001
1183
1586
3563
2297
4475
5275
5279
2277
4614
3638
3880
1228
1327
3938
2870
2872
2522
3295
2873
2881
1955
2553
4510
1106
1494
2692
1220
1697
3708
1091
1676
4909
1993
4275
1147
1947
1911
3538
2028
2414
5119
3518
4416
4046
4575
1988
2723
5152
2054
4758
1384
1672
3764
1413
2800
2816
1625
4238
4317
2224
3086
1712
1840
2750
1942
2247
3409
4377
3562
4171
1270
3259
3026
3634
1470
2679
2992
3005
2452
4978
2963
4285
2135
2559
1379
1814
2111
1682
2481
4911
3021
3052
1426
4771
2729
3191
4219
2384
3601
1431
4209
4298
1101
1299
2722
3809
2167
2387
1619
2496
1809
2828
2495
4542
1901
1927
1963
1196
2576
4963
2548
4979
1841
1908
2618
1340
3585
3180
3258
4234
3307
5127
3226
4291
4415
4491
2152
3125
3546
2980
2981
2983
2994
2083
2991
2715
2968
1114
1643
3545
4547
1710
1542
2993
4481
2949
2957
2611
3170
3656
3819
1936
2829
4175
1440
3504
1910
3292
2005
2203
4464
1786
4936
1425
2458
3529
2451
3483
2244
1111
3466
3500
1325
5244
2939
3909
1599
1639
3047
1546
2346
3067
3295
1115
4652
1131
5042
2200
3593
4705
2607
2095
4702
3877
4964
2326
3089
3884
3133
3146
3348
3784
3426
3482
2927
3949
2150
5157
1226
1351
1426
1729
2353
1175
1987
2647
5146
2256
4008
2164
5158
1332
1389
4116
3162
3168
1911
2162
3087
3091
2389
3689
2034
2337
2784
3095
3102
2758
3634
4214
4428
5276
2222
2445
3561
2021
2608
2156
2439
1219
3060
4961
2007
2073
3349
2830
4173
3614
5170
1322
2302
1531
2206
3790
1933
3377
3120
3122
2987
4562
1630
2570
3126
3130
2701
4729
1282
1859
3542
2581
1667
3512
2586
4841
2606
4823
3551
3566
3447
4545
2126
2279
3317
1351
2301
4386
4710
1594
2128
1418
2130
2436
2874
2892
2877
2893
1581
1937
2130
2437
2648
4162
2129
3701
1389
2024
2575
4852
2809
2235
1617
3266
4995
1580
3448
2370
2566
2136
4883
2138
4973
2919
4798
2068
4203
2462
2518
2823
2767
2989
1356
4327
2261
4391
1906
2219
3727
3079
3290
2308
3497
1939
4347
2151
2173
2595
1920
2192
1808
3784
3845
1414
2660
4227
3480
4148
2829
1655
3520
4171
1939
3284
3336
4291
1897
4800
2818
3415
2919
4801
1465
1465
1352
4867
3556
2237
2838
1979
2576
4554
2302
3813
4706
2918
2951
4119
1504
1414
3307
3278
1869
2146
2142
3775
1551
2185
5004
2413
3154
3539
1497
3883
1811
3537
4532
3319
4618
2821
4042
2702
3115
3905
4309
3433
5238
3381
3534
1598
3493
1912
4285
1286
3273
5020
1396
4434
4878
2037
2400
3535
4403
1386
2950
3002
2140
3633
4809
1732
2220
2813
5126
1860
2610
1298
2771
4472
2180
1999
2088
2631
2113
2311
3165
1918
2812
3222
2327
2557
5160
1996
1570
5124
2767
3207
3814
3715
4384
2653
5081
2702
3213
1722
2443
4513
1932
2442
1790
2907
4810
2041
2145
2232
1510
3274
2010
3943
4761
1445
3040
4722
1369
3496
3463
2984
3049
2313
2577
2592
3479
1851
5178
2998
4244
5276
1520
2540
5166
1481
3828
4960
2374
2741
2301
3311
2032
2408
4842
1574
3775
2602
4534
2121
2726
1640
3494
1534
1958
4110
2272
3323
1539
1627
3572
1846
4674
2434
2724
2823
5110
2975
4876
1917
2321
4568
1398
3247
5168
1377
2187
2244
2267
1829
2763
2467
1924
4874
1338
1805
3834
3020
3088
2103
2869
3098
3428
1552
4656
1935
3865
5020
2429
2523
2666
2612
4649
1448
1610
4186
4398
2226
3713
5002
1678
2770
1352
2016
1395
3265
3281
1390
3667
1646
2878
3882
1387
2772
3467
3589
3058
3322
3283
3288
4983
1411
1911
1956
3766
1378
1420
2750
2238
1680
1720
4645
3007
4193
2975
1575
2178
2512
4735
1645
3674
2216
4829
3747
3241
3264
3577
1373
1843
4440
2318
1376
2936
1471
2123
4241
2406
3558
1608
2202
3136
2221
4951
3082
3223
2287
5061
1789
2294
5179
3263
3286
2613
1925
2973
3972
2199
2580
2990
3382
1766
2223
3810
2039
2510
2864
2555
2569
4208
4433
2656
4997
3164
3523
1490
3893
4504
2040
2135
3500
4392
2184
2334
3601
4657
2084
3219
3626
3306
4559
2721
4371
2248
2860
2024
3210
2989
1760
2193
2132
3453
2020
2264
2248
2871
2266
2969
2091
2271
2484
2266
2970
2270
2204
2253
4367
4700
1878
4487
4431
5071
5279
1845
2227
2867
2350
4385
4945
2115
3480
5127
1659
1908
3844
4144
2427
1569
3099
5191
2251
2705
1423
1693
2035
1926
2055
3376
2821
3913
4876
1925
2801
3047
3769
5272
2402
5117
1978
4401
1880
3558
2067
4131
1717
3640
3911
2231
4886
2739
4294
2233
4893
3031
3325
1703
2021
2428
1468
2667
1820
2208
3197
4769
4526
1931
3022
4383
2575
2746
2668
4104
1806
3158
1678
2159
5248
3097
3652
1730
4000
3338
4413
2586
2735
1835
3188
4483
1674
3167
4393
1522
2255
2609
3236
4057
3152
3228
2470
2859
2071
3198
2007
2512
3284
3234
3237
4260
4374
1606
1622
2840
2765
1914
4087
2606
2752
4355
2303
3040
3235
2353
2901
2259
4852
2009
2964
1529
2702
4346
2258
4841
2659
4204
1502
4560
1480
2461
1780
2466
1727
3092
2404
3382
4610
2093
3248
2209
3439
2755
2793
2795
3244
3014
1716
2784
4713
2265
4823
2883
3943
1596
3384
3347
4228
3406
3461
1983
3105
3439
4308
3301
3430
1591
2665
5153
1525
2193
4320
1859
2632
2685
5155
3147
4402
1938
3653
2160
4447
2590
2646
4018
1686
3013
1980
3686
2617
2471
4193
3139
3584
1873
2753
2887
1607
3376
3627
3734
4718
2328
2517
2349
2671
4039
4683
2523
4186
2106
3545
4315
3412
2563
3439
3899
3261
3345
3343
3346
3450
1604
4417
4640
4257
3280
3364
4687
2044
2196
2348
2669
3954
4619
1674
3349
1616
4414
4640
2820
2960
3243
3328
3245
3329
4987
3464
3631
3262
3358
3359
3360
4344
2358
3544
3332
3410
3214
3293
4711
2669
3037
3590
2361
3367
3413
3417
2494
2143
3285
4469
2361
3370
1616
2173
2416
3023
3082
3649
2366
2507
4712
2155
2710
4351
1661
1848
1695
1714
2986
1624
2386
4897
2810
5211
3996
1803
5044
3297
3387
1909
2028
3298
3388
2306
2455
3355
3874
1607
3063
3278
1657
2157
4680
2041
2170
2015
2490
3197
3073
3880
3108
4316
3191
5074
4269
2543
3330
4361
2878
3043
4264
4454
2833
3244
4830
1594
2278
2686
3386
4884
1846
5211
3254
2224
2293
3350
3436
2514
1804
4127
4476
3213
3354
3438
4453
1657
4760
3437
3522
1818
4132
4482
2427
3772
4849
3171
3445
3519
5168
2912
2325
2853
2811
4134
1649
2051
3333
4319
4337
4431
2228
3316
3977
1765
2010
3686
2824
3561
4266
3315
3422
1967
4904
1707
2182
1717
4604
2603
4791
2498
5218
1792
2767
2401
3011
4044
2230
4492
2708
2409
3458
3697
4682
3510
4866
2409
3462
2412
2768
1781
4816
4946
3041
5175
1703
2069
4322
3128
3989
2575
2984
1835
3127
5010
2099
2423
1979
3355
4176
3817
2606
3020
1951
2910
3397
3353
2064
2541
2210
3885
2528
4767
2450
2469
2761
2624
3023
3659
1806
2166
4287
4562
3449
4701
4598
5181
1960
2567
4107
1720
2218
3711
4472
2495
2374
2727
1845
2818
2586
2950
2691
2614
4114
3535
4403
3400
3951
4311
1947
2449
1886
4158
4533
2084
2139
2490
3053
3408
5003
2042
3334
5013
3394
3498
2373
2682
2390
5059
2694
4294
4612
2393
5060
2905
3272
3555
4349
2142
2577
2853
3118
2372
2986
3362
1959
4190
4583
3615
4152
2012
2049
2491
2454
3456
3236
5242
2014
2317
2773
3127
4147
2319
1778
2553
2945
3373
2177
2917
2394
4304
2864
3046
3277
2605
4122
3591
3665
3876
2273
2407
1780
2257
4359
3597
3668
2042
3550
3446
4191
3352
2515
3136
4245
2986
2799
3184
4940
3302
4622
2757
3392
3513
3467
4392
2444
3030
3260
3825
3420
3526
1825
1993
4591
4953
3512
3632
4471
2799
4981
3407
3530
2154
4737
1815
2329
4387
3424
3533
2340
2736
3279
2186
3316
1857
3205
3515
3573
3306
3447
4628
2434
2684
4671
4819
3654
4902
2113
2357
3092
3045
4518
2476
3055
1868
1869
2457
4023
2836
4634
2630
3319
3674
4325
4354
2744
4254
2739
2899
4843
5129
3383
3765
2376
4618
2790
3881
4129
2314
2367
1870
2354
4743
2228
2622
3386
3920
2351
3935
2451
4563
3876
3492
3604
4008
5042
3640
3481
3606
2488
3101
1893
2519
4073
2043
3125
2916
4229
1989
3917
1972
5146
2405
4824
2644
2754
1800
2670
2982
2993
4279
1957
5136
2417
5077
2398
5221
3770
4915
2667
2598
3728
2064
3621
3987
2184
1897
3071
2966
3361
3874
2826
3282
3454
3579
3455
3582
4605
2089
4128
4311
4515
4558
5215
2635
2140
2291
2324
1896
4220
4583
2225
3132
4111
5161
3250
3294
4556
3348
3390
1830
3144
2392
1982
3932
3066
2306
3775
2611
3053
1864
4055
4482
1933
4077
4136
5165
1866
4048
4476
2664
4367
2806
4069
3468
3612
3476
3616
3229
4663
2168
3431
3361
5080
3469
3619
3470
3620
3019
5087
3198
3342
4039
2206
3395
4731
2472
5080
1994
4069
2211
4879
2163
5129
2711
4058
2432
5016
2794
3334
2766
4733
2754
3204
3305
2074
2954
2528
2934
4054
4988
2460
2654
2421
3546
4379
3755
3848
2426
4694
2846
3391
3779
3852
2404
4411
2131
2372
2115
2269
3615
4684
2722
3209
4688
4218
2527
2942
3001
3751
4317
4926
3008
3669
2792
3813
4014
4071
2676
3791
2435
3357
4333
2445
3588
4057
3926
4072
2356
2753
3050
3383
4364
3576
3655
4997
2497
4355
3473
4748
2406
4491
2464
3231
4654
4231
3035
3386
2186
3423
2157
3193
4760
2046
2577
1983
3622
4161
5173
3108
3905
2053
2312
3511
3663
2600
2697
3510
3930
3516
3666
4125
1971
2560
5081
3717
3841
2894
4087
2849
3221
4508
3602
3743
3595
3744
2617
2774
3759
3863
2475
4884
2545
2576
2338
3861
4626
4761
2661
3505
3299
3419
2963
4749
2506
2939
2848
3196
3441
2513
3178
4198
3290
4698
2396
2589
3057
3208
4607
2141
3001
4874
1934
2992
1982
3899
3490
2349
3008
4687
2757
3721
4371
4974
3643
3807
5217
2148
3309
2383
2935
3586
5226
2468
3965
2516
3155
4447
3547
3729
3548
3731
4015
4975
2861
3527
3044
3510
3676
3829
2188
4420
4777
2723
3073
2017
2261
4677
1990
4246
4533
2699
2521
3969
3198
3491
2039
3521
1972
4181
2604
3271
5188
5067
3886
3979
3142
5148
3448
4609
3578
3756
3567
3758
2502
4866
3821
2483
2609
3433
4458
2008
4429
4465
1996
3836
4207
2891
3624
5128
3199
5152
2315
3351
5074
2141
3974
4085
3135
2381
2937
3701
5030
4033
4245
2280
3702
3193
3708
3851
2485
3654
3973
3305
4839
2787
3942
2016
2160
3355
3184
3403
4092
3817
4858
3128
3503
3605
3780
3610
3781
2601
4215
3072
3654
3141
3626
2770
4183
2518
2924
4934
2965
3494
4623
3847
3958
3609
3442
4000
2555
4288
3067
3543
4237
2106
3873
3966
2571
4769
4326
2456
3600
2789
3181
4525
3392
2055
3169
2510
2720
3036
3960
4037
2469
2241
3710
3808
3625
3812
2031
2895
2059
3195
3728
3016
3770
4124
4949
3540
5136
2542
4902
3409
4686
2249
2745
2654
3403
5005
2653
3401
2604
2110
2383
2555
3331
4319
2888
3341
2422
3521
4025
2056
2140
4213
4484
2952
3415
4302
2152
3956
2151
3062
3186
4519
4649
3854
3970
3904
2558
4915
3867
3978
2748
2793
2676
3243
3485
3304
2369
3245
3487
2267
5130
2658
2831
2912
3225
3771
3501
4851
2494
5261
4016
4592
2310
4721
3180
3477
4725
3884
4140
2536
4250
3006
3902
3304
3670
2441
4512
2778
4140
4980
2530
4065
4338
2114
4446
4548
3986
4059
3757
2371
3801
3940
2365
4585
2105
2870
3802
5160
2359
3255
3630
2668
2772
3611
2134
2204
2797
3994
4066
3502
3988
3849
3947
2902
5161
3317
4875
2807
3941
4040
2842
2582
3962
4045
2845
5144
4077
4434
2936
3719
2398
5213
4953
3190
4060
4821
4635
4726
2961
5165
2163
2389
4830
2169
4390
3396
4161
4791
3872
3456
3472
5143
3702
3716
3712
4389
5277
2194
2809
3707
4551
3823
3080
3797
3742
3150
4212
5243
3282
3297
3599
2763
3703
2205
2980
2509
3174
2787
3298
3603
3937
2908
2718
3509
3075
4869
3471
5143
4015
4142
2591
2791
5173
3242
3763
2734
3129
4320
3075
3766
4843
3963
3746
2384
5038
3037
3324
3698
2848
4832
4198
2535
2914
3957
2445
3722
2198
2965
3178
4477
4580
4369
2627
3253
3094
4196
2693
2187
4049
4133
2708
2821
4042
3922
3876
3596
5171
4061
4135
3749
2677
3909
4572
3542
3161
5065
3295
3478
4728
2589
2645
3761
4036
2321
3404
3641
2234
3029
3400
4315
2613
3662
4575
2794
2881
2643
3131
4015
5278
4568
3420
3690
3081
3634
3079
3399
2523
4343
3375
3506
4602
2254
2666
3660
3948
2805
3562
2440
4386
4624
2654
3766
3826
2371
3357
3838
3814
2732
5203
3920
2557
2955
4731
2621
4975
4298
4653
3961
3794
4230
4160
2894
3350
2338
3930
2350
3670
4704
4921
5196
2274
3514
3793
4374
3082
3959
2439
3881
3508
5271
3354
3391
3550
4989
2537
3697
4109
3892
2880
4458
2423
4119
3980
3786
3804
3104
4124
4085
4073
4992
3484
3964
3788
2692
3922
3925
4869
2943
3973
3158
4497
4518
3310
3572
2649
4949
2687
4981
2562
3496
5032
3178
3476
3736
2288
2345
3455
3730
2841
4669
2704
3767
4796
3839
4164
3396
2628
4317
3361
3406
2491
3368
3190
3468
3725
3207
4356
4064
2344
3130
2956
3469
3732
2479
2959
2637
4926
2781
3557
4339
3424
3527
3754
3192
3029
3220
4273
5242
2962
4796
4897
4685
2744
5266
4226
3369
3463
2470
3201
5174
4170
5176
4212
3542
3818
3191
3291
3656
3362
4330
3335
4520
2763
3019
3884
3539
4626
3419
3974
3835
5228
2810
2536
4250
2938
4052
4002
4035
2912
3531
3850
3984
2764
4241
2531
3249
2437
4712
5230
2904
4005
4594
3313
3949
5069
2438
3516
3767
2484
3976
4369
4844
3114
4541
2771
3384
3711
3087
3407
5101
2590
3038
3607
5188
2974
3492
3879
3707
4036
4219
3680
5174
4080
3171
5192
2377
4255
3203
3480
4821
3013
3385
3622
3687
5258
3061
3279
4100
2402
3115
4427
2918
3260
3549
3739
3911
2528
3840
3309
2926
3918
3179
3547
3790
3154
4104
3372
3548
3798
3443
5109
3121
4777
3871
2777
3721
3282
2571
3783
4782
4010
3481
3624
3890
3885
4013
2556
3900
2496
2531
2517
2663
3076
2688
4299
2790
4089
4715
2658
4753
4091
4407
3159
5180
5273
3936
4478
4588
2714
5255
4103
2903
4080
2661
3696
2631
3485
3791
2595
3983
2901
3872
3337
4440
2599
4414
3811
3644
2599
4417
3177
4460
5199
4264
2608
2880
4343
3717
3770
3366
4058
5189
4499
2808
4322
3271
3935
2437
2514
3454
3901
4084
4710
3982
4626
3174
4129
2602
5064
4313
3102
3272
3904
4187
3210
3242
2481
3133
4512
4816
3831
4297
4022
2742
3703
2725
3164
3371
2813
3736
2625
4157
4748
5128
3822
5189
4269
2625
4299
5140
3602
3946
2859
4029
2837
5069
4090
2655
3740
3934
2931
4318
4028
4172
2532
2867
4586
4024
4116
3955
3996
5093
3052
2822
4359
3969
3520
3965
4379
4344
4233
4111
4602
4074
4102
4525
4725
5260
3909
2954
3353
2769
4511
2700
3759
4803
4079
2832
4387
3296
3630
4051
3747
4195
2520
3645
2682
5017
2541
3304
3712
3957
5185
4120
4245
2807
3172
3772
4300
5172
3153
3159
3643
4009
4728
3431
3595
3968
4467
4930
2629
4476
4143
4728
4221
5074
4782
4830
4918
4338
2630
2792
2633
4482
4139
3562
3976
3999
2676
2796
3708
4138
5053
5100
4287
4873
4068
5218
2636
2883
2747
5219
3168
3373
2640
4504
2824
5225
2640
4505
2639
4309
3225
3938
3543
4921
3507
4151
3506
5263
3110
4517
3081
4214
4123
4332
3537
4106
4659
3207
4496
3391
4688
5108
2825
3583
2964
3906
4178
4803
3908
2696
5214
2828
3556
2652
4533
2650
3442
2686
3794
3824
2687
4142
2851
3190
2854
4446
2787
2827
2778
3253
2889
4429
4409
3048
3910
4319
3060
4699
2623
4741
2884
3372
2886
4451
3195
3985
5217
3887
5159
4294
4388
3195
4670
5094
4508
2863
3641
3077
3233
4639
3175
4590
2968
4625
2769
4561
3613
4515
4696
4136
4607
2657
3372
3995
4236
2733
2956
3014
3861
4331
2672
4583
3118
4238
4127
3215
4675
4132
3003
4787
2712
4130
4137
2843
2894
4180
3028
4466
4596
2728
3179
3672
3175
4747
3038
4836
3624
2942
3340
4247
4149
3613
3795
4461
4158
3836
3342
3638
3326
4393
4451
4538
3411
3722
3895
2705
3826
3923
4191
4785
3659
3277
3381
4736
3910
3192
2712
3428
4190
3553
3787
3870
2713
4629
3474
4495
4621
2713
4632
4471
5224
3600
3676
4098
3693
3746
3883
4767
3435
3878
4146
2724
4627
4986
3716
2799
2828
5016
3609
4735
2941
4569
2944
4099
4630
3299
3568
3733
4422
4719
3502
4449
3116
3450
3591
3580
2932
3431
4182
3838
2899
3603
3942
2768
3094
3285
3012
2857
4591
2751
4168
4503
3532
4700
3151
3589
4435
2780
4032
5219
3145
4567
4971
3078
3216
5067
3524
4271
4450
4781
2741
3648
4662
2887
3249
4156
4918
2817
3404
3774
3320
3322
3648
4661
3096
3412
2950
3999
4373
2749
4672
4435
4075
3597
3902
3511
4086
2749
4673
4167
5256
2984
4274
4441
2755
2860
3950
4328
3020
4219
3214
4223
2777
3026
4063
4697
3181
4781
4904
3147
3763
4051
4749
3152
4639
4787
5214
3514
3242
3396
3888
3982
4965
3916
4004
3015
4125
5212
3697
4735
3574
3869
4405
2967
3737
3559
4373
3212
4616
2819
2911
3097
2818
3330
4054
4500
5209
3409
4278
4334
3319
3172
2871
5033
3243
2999
3892
2918
3245
2976
3600
3327
4271
2842
2870
2872
2873
4494
4637
4163
4442
3090
4234
2901
3262
4477
4948
3015
3063
3196
3760
4021
3315
4277
3027
2930
4677
2965
3011
4437
3124
4089
3261
4849
3066
3156
3730
3297
3298
4637
4544
3816
4083
3280
3850
4065
2881
2980
2981
2983
3853
4665
5178
3783
5269
3392
4211
3247
4541
5255
3350
3138
4667
4251
3354
3407
3455
3760
2890
2935
2992
3468
2874
3469
4347
3470
3394
4312
4537
3332
4255
3289
2871
3424
3206
4800
5238
4025
3454
3516
3009
3631
3389
3005
3021
4788
4789
2956
3200
4718
5172
2882
3179
3116
3658
4208
3547
3548
3241
4382
3567
3161
2974
3524
3625
3071
3481
3093
4661
3093
4662
3747
4825
3091
3095
3511
3703
3263
4396
3379
3120
3126
4342
4353
3779
4416
4470
3102
3087
3130
4659
3891
4786
3476
3702
4554
4808
3529
4345
3052
3133
3712
3651
3755
4454
4343
4639
3605
3788
3140
4732
3204
4660
4839
3610
3786
4834
4262
5243
3886
4124
3578
3804
3716
3794
3437
3742
3595
3146
3162
3151
3773
3505
3459
3857
4335
3090
3724
5247
3445
3641
5208
3512
3168
3420
3885
3867
3921
4289
4439
4552
3068
3921
3187
4664
3147
3289
4881
4252
4586
3069
4750
3826
3838
3647
3906
4408
4962
4350
4693
3724
3255
3406
3135
3274
2970
3169
3341
4896
5006
3868
3953
3628
5245
4438
3676
3055
3337
3475
3301
3746
3492
3935
4870
3338
4109
4871
3722
4227
5038
3602
3965
3814
4535
3064
3651
3939
4584
4690
3643
3969
3801
3892
3695
3801
4253
3418
3627
4834
3658
3232
4676
3426
3677
3873
4903
3597
5131
4004
4196
3220
3255
3335
4178
3205
5066
3717
4781
4904
4772
4846
4911
4010
4206
4822
3034
4704
3300
4810
3891
4692
3983
4081
4536
3188
4181
4207
3845
3920
3568
4199
4380
4720
5057
3591
3759
4194
3930
4038
3381
4574
3851
3268
4689
3795
3186
4013
4216
4156
3189
4276
3727
3205
3369
4117
3320
4213
3762
4578
4608
5125
3755
3805
4024
5014
3867
3847
4010
4383
3973
4095
3964
4013
3623
3344
4002
3745
4012
3875
4905
3854
4002
3265
3873
3664
4062
5020
3527
3339
4693
3404
4999
4698
4928
4464
4932
3177
5231
4041
3256
5183
3695
4244
4763
3119
4018
3283
3941
3886
3423
3623
3167
3856
3151
3466
3115
3432
3451
3208
3477
3860
3941
4411
3937
4137
4072
4808
3482
3551
5185
3554
3745
4946
3377
3160
4279
3963
4090
3962
4425
3401
4947
4835
4153
4560
4142
4380
5194
3849
4028
5163
4948
3779
4080
4120
3878
4240
3994
3912
4270
4676
3310
3696
4655
3960
4978
3962
4089
3566
4681
4208
3714
3405
4100
4479
4923
3166
3991
4103
4469
3520
4518
4064
3459
4979
3986
4100
4340
4542
3586
4192
3667
3900
4937
3220
3374
4299
4390
3670
3457
3804
4114
3536
3821
3925
4368
3318
4908
5068
3416
3786
4107
3964
3918
4110
4419
4656
5166
3403
4286
4689
3932
5030
4456
4745
4049
4172
4302
5138
4014
4725
3674
4183
4666
4971
4187
3905
3217
5086
4559
4856
3887
5088
3742
4235
4318
3912
3928
4746
5140
3532
4935
4061
4271
3278
4675
3534
3769
3570
4738
4272
3823
4334
3564
4270
4527
4836
3570
4740
3427
5198
4850
3575
4745
3452
4493
4530
4079
4441
3488
3788
4122
4375
5126
4751
4981
3902
3281
3288
4160
4233
3486
4651
4723
3631
4196
3290
4698
3384
3711
3868
3903
3799
3308
4920
3677
4500
4908
3274
4404
4286
3983
4243
4466
5144
3727
4314
4665
3975
4092
4553
4072
4541
5280
3764
3617
3933
4956
3860
4754
4103
3321
4931
4064
4279
4481
4958
4029
4522
4585
3855
4717
4084
4392
3561
5192
4529
4226
3693
4784
4635
4694
4203
4138
4408
4656
4961
3710
4342
4399
4005
4807
4912
3598
4912
4151
4844
3789
3795
4945
3576
3856
4061
3741
4764
3741
4765
3917
4597
4762
4275
4027
4597
3707
3411
3584
4624
4682
4350
3853
4634
3828
3681
4804
3854
4516
3682
4806
3682
4805
4001
4923
3704
5215
4145
4221
3434
4270
4370
3748
4792
3748
4793
3750
4794
4286
4378
3691
4827
3835
4188
4254
4501
4804
3370
3661
4023
4188
4684
3645
4588
4018
3760
5140
4088
4297
3919
3379
5103
5104
3792
4349
4762
3800
4812
3800
4814
4093
4338
4574
5123
5008
5079
3977
4605
4710
4422
4691
4534
4503
4783
3986
3557
5025
3709
4885
4267
4986
3709
4887
4123
4589
3952
3610
4362
3720
4889
4297
5097
4716
3718
4290
4578
3898
4813
4857
4598
4722
4755
4097
4108
5147
3525
4952
5191
4726
5199
3830
4853
4391
3830
4854
4036
4332
4631
4264
4421
4423
4173
4493
4595
4942
3636
3882
5203
4237
4385
4351
3578
4418
3462
3572
3774
3944
3499
4998
3514
3818
3525
4954
3967
4137
4313
3589
3500
3842
4455
4717
3540
4452
3726
4150
3987
4967
3785
4172
4143
4204
4536
5181
4563
4795
5086
4818
4043
5088
3605
4395
3692
4530
4703
4252
4345
3997
5126
4304
4105
3945
4855
4247
4899
3913
4486
4431
5071
4846
4052
4205
4628
4003
4837
3635
3870
3915
4295
4594
4938
3777
4959
3538
3778
4963
4187
4616
4095
4007
4845
4300
4443
5259
4511
4011
4848
3939
4276
4007
4847
5153
3927
4929
5050
5010
4432
4531
4540
4530
3797
4147
4515
4260
4401
5197
4406
4432
4733
5106
3866
4233
4255
4242
4404
5205
3912
4708
4116
4348
4849
5072
4483
4727
3625
4400
4429
3694
3683
4175
4807
4195
4236
3700
4394
4456
4443
4076
4859
4144
4357
4186
4539
4076
4860
4192
4815
5207
3792
4342
4444
3987
5121
3690
3733
4227
4445
4043
4828
4350
4448
4668
5116
4875
5132
5103
4287
5104
4026
4913
4026
4914
4474
4827
4304
4982
4016
4549
4094
4862
4720
4701
4145
4094
4864
4741
4334
4462
4096
4863
4096
4865
4057
3956
3922
4393
5125
4290
4543
4555
4749
3971
4966
4282
4649
4445
3840
4645
4474
4490
4120
4667
4130
4370
3913
4211
4378
4457
5155
4731
4232
4924
3828
3934
5044
4436
4759
4811
4842
4424
4452
4201
5246
4134
4709
3793
4655
4169
4880
4679
5222
3907
5011
4169
4882
3907
5012
4714
4861
4424
4455
4467
4960
4181
4406
4681
4907
4127
4444
4207
4507
4521
4813
4501
4005
4132
4448
4401
4984
3809
4033
5035
4158
4462
4685
5100
5078
4474
4224
4927
4451
4488
4779
3817
3882
4149
4421
4507
4229
4346
4430
4638
4642
3948
4423
4353
4241
3846
4514
3810
4091
4796
3864
4529
4069
5054
5141
4310
3753
4202
4891
5062
4202
4892
5055
3815
4185
4759
4485
4521
5056
4403
5163
3787
4691
4919
4051
4128
5017
4166
4943
4166
4944
4836
4078
4175
3961
4201
4456
4485
4825
5085
4225
4900
3791
4088
4225
4901
4301
4707
4699
4402
4663
4364
4898
5040
4190
4490
5180
4025
3840
5177
4528
4557
4543
4531
4258
4894
4258
4895
4189
5111
4049
5267
4497
4720
5024
4464
3813
4117
4835
4473
5027
4322
4423
4565
4501
4528
3931
4587
4611
4184
4969
4283
4888
5137
4499
4283
4890
3827
5078
4267
5081
4715
3960
4567
4432
4452
4601
4557
4855
4278
4893
5032
3879
3953
5085
4184
4977
4328
4351
4625
4238
4540
3908
4861
5035
4383
4555
4620
4112
5018
4446
4600
3944
4288
4357
4280
4419
5251
4284
4050
5047
4366
4706
4050
5049
4143
4455
4443
3952
4582
4744
5237
4082
4090
4596
4441
4587
4121
5031
5073
5114
4694
4160
4394
4547
4648
4176
4601
5113
4269
4513
4972
4043
4549
4048
4111
4602
5115
4941
4523
4562
5079
4398
5021
4438
4711
4055
4136
4607
4521
5223
5063
4359
4840
4330
4680
5277
4469
4638
4550
5267
4461
5079
4031
3955
4131
4951
4989
3988
5182
4321
5169
4157
4615
4053
4442
4164
4642
4348
4705
4387
3967
4203
5013
4306
4990
4075
4360
5264
4557
4316
5095
4306
4993
4565
4729
4231
3992
4102
5151
4831
5139
4217
5043
4321
4924
4564
4082
4217
5045
4734
5098
4265
5034
4611
4205
5129
4716
5005
5007
4171
5149
4265
5036
4159
5091
4109
4630
4917
5010
4375
5195
4543
4959
4758
4344
3991
5063
5062
3993
5113
5115
4113
4473
4739
5261
4115
4556
4820
4833
4708
4940
4180
5008
4071
4820
4356
5118
4139
4371
5252
4384
5050
4021
5048
5054
4020
5055
4368
5041
5056
4085
4176
4222
4348
4029
4721
4165
4529
4775
4230
4664
4611
4966
4917
4939
4156
4409
4200
5112
5092
4292
5075
4345
4858
4878
4292
5076
4083
4131
5087
4088
4163
4593
5053
4117
4691
4833
4654
4281
5102
4248
5141
4314
5234
4692
4281
5105
4783
4939
4531
4963
4209
4783
4957
5206
4125
5068
5132
4388
4878
4637
5216
4274
4828
4790
4513
4333
5039
4335
4599
5070
5053
5142
4759
4997
5133
5130
4226
4810
5249
4702
4519
4841
4382
4732
4916
4852
4510
4571
4851
5156
5193
4396
4823
4739
4621
4968
4612
4324
5120
5212
4324
5122
4372
4636
4568
4907
4976
4522
4433
4995
4535
5138
4760
5166
4397
4221
4273
4486
4968
4976
4161
4246
4791
4934
4405
4404
5025
4498
4950
4366
4495
4536
5064
4654
4727
4809
5139
4569
4545
4628
4182
4459
5039
4674
4573
5040
5147
4579
4194
4851
4224
5000
4658
4223
4723
4527
5176
4437
4266
5059
5268
4368
4548
4600
4389
4329
5060
4320
4560
4572
4506
4552
4651
4493
4923
5109
4618
5205
4331
4644
4973
4603
5101
4308
4539
5021
4961
5077
5090
4388
4581
4695
5182
4400
4465
4553
4463
4468
5030
4551
5089
5266
4257
4589
5027
5024
4263
4427
5095
5058
4277
4755
4642
4950
5098
4489
4517
4420
4615
5171
4478
4955
4537
4591
4925
4722
4577
4704
4527
5176
4750
4933
4434
5167
5196
5250
4312
4620
4723
4381
4332
5084
4582
4520
4307
4747
5015
4707
5009
4972
4571
4748
5265
4315
4769
4926
5253
4427
4648
4755
4670
4724
4447
5213
5224
5097
5159
4778
5131
4459
4572
4369
4802
4625
5003
4588
4955
4660
4936
4615
4754
5006
4377
4496
5118
4617
4688
4766
4496
4988
4594
5149
4523
4685
4994
5108
4365
4724
4991
4873
4766
4994
4780
5246
5148
4609
4920
4741
5033
4534
4744
4799
5133
5152
5058
4872
4757
5268
4776
4800
4595
4619
5210
4677
4991
5094
4797
4623
4931
4539
4729
4970
5254
4964
5136
5150
5222
4985
4918
4412
4868
5052
5201
4553
4970
4644
5083
4417
4524
5270
4614
4590
5015
4925
4934
5160
4919
5143
4962
5202
4566
4930
5123
5171
4697
5230
5002
5004
4817
4768
4708
5161
5127
5165
4608
4758
4525
5249
4906
5109
4475
4627
4929
5173
4576
5093
5070
5144
5099
5124
4502
4589
5170
5072
4909
4702
5092
4491
4838
5270
5179
5190
5163
5174
4492
5222
4509
5009
4908
5187
5188
5234
5262
4884
4872
4652
4678
5016
5068
4619
5249
4957
4505
4579
5237
5146
5082
4538
4707
4561
4965
4690
4785
5164
5207
5244
4687
4842
4907
5046
4613
5189
4592
5019
5257
4866
5084
5218
5022
4719
4825
4564
4666
4886
4696
5182
4820
5206
4743
4877
4699
5217
5117
4593
4652
4942
5137
4794
4570
4712
4751
4829
4837
4771
5119
4999
4763
4883
4786
5110
4713
4998
5208
4843
4711
5219
4747
5184
4980
5080
5107
4787
4774
4889
5041
5209
4658
4686
4668
4938
4937
5186
5251
4902
4985
5023
4832
4795
4772
4868
5183
5240
4653
5253
4915
4768
4632
5227
4832
4643
4743
5089
5025
5199
4848
5243
5192
4646
4927
5164
5051
5121
5154
5167
5200
4650
4883
5073
5198
4973
5154
5234
5119
4873
4898
5244
5037
4662
4955
5000
5096
5204
4673
4799
5042
5150
5046
5083
4975
4925
5145
4737
4869
4733
5145
4935
4921
5200
5019
5092
4949
4879
5008
4811
5107
5094
5175
4742
4829
5135
5157
4936
5037
5048
4740
5084
4951
4984
5082
5135
4933
4937
4756
5201
5185
5023
5202
4917
5227
4839
4896
5073
4765
5086
5088
5108
5017
4773
4886
5096
5116
5052
4893
4982
4824
4899
5083
5114
5018
4910
4985
4967
5051
5142
5000
5253
4927
5250
4789
5158
4793
5099
5031
4801
5157
5158
4872
5194
4815
4806
4857
5228
5259
4814
5103
5104
5257
4877
5238
5208
4935
5246
4922
5220
5159
5087
5267
4992
4968
5240
5155
5194
4847
5078
5134
5085
5242
4854
4860
5063
5062
4910
4864
5054
4865
5055
5056
5041
5184
4888
4871
5223
5004
5239
4905
4882
5039
5019
5184
5040
4887
4890
4970
4892
5024
5027
4895
4991
4994
5107
5247
5156
4901
5015
5009
4911
4910
5216
5187
4914
5113
5115
5220
5106
5026
5156
5169
4932
4960
5186
5149
5268
5070
5245
4944
5095
5098
4947
4996
5001
4954
5022
4958
5204
5023
5091
5257
5121
4977
5118
5090
5252
5270
5133
4979
5215
5032
4987
5061
4989
5231
5179
5211
4993
5089
5066
5051
5209
5177
5061
5112
5263
5052
5134
5012
5195
5225
5260
5077
5233
5029
5059
5060
5254
5036
5164
5266
5167
5045
5186
5049
5141
5232
5236
5168
5125
5137
5269
5110
5076
5201
5202
5233
5235
5142
5105
5220
5214
5193
5252
5154
5123
5122
5162
5265
5151
5263
5258
5205
5180
5221
5224
5280
5259
5229
5264
5197
5229
5203
5233
5248
5200
5255
5221
5262
5256
5258
5236
5261
5241
5239
5250
5254
5271
5273
5274
)


// ************************************************************************* //
