# Forces     
# CofR       : (0.000000e+00 0.000000e+00 0.000000e+00)
# Time       forces(pressure viscous porous) moment(pressure viscous porous)
1            	((3.297788e+02 3.047889e+03 -6.809036e-18) (6.854738e-01 1.186466e-01 2.310580e-21) (0.000000e+00 0.000000e+00 0.000000e+00)) ((-1.523944e+03 1.648894e+02 1.741291e+03) (-5.932331e-02 3.427369e-01 5.371329e-02) (0.000000e+00 0.000000e+00 0.000000e+00))
2            	((2.619783e+02 2.495755e+03 -5.535665e-18) (2.143722e+00 -1.134051e-03 2.641461e-21) (0.000000e+00 0.000000e+00 0.000000e+00)) ((-1.247877e+03 1.309891e+02 1.402297e+03) (5.670254e-04 1.071861e+00 -5.750623e-02) (0.000000e+00 0.000000e+00 0.000000e+00))
3            	((-3.895152e+00 5.911727e+01 -8.635490e-19) (2.348104e+00 -3.771799e-01 -4.694436e-21) (0.000000e+00 0.000000e+00 0.000000e+00)) ((-2.955863e+01 -1.947576e+00 -3.857325e+01) (1.885900e-01 1.174052e+00 -2.960786e-01) (0.000000e+00 0.000000e+00 0.000000e+00))
4            	((-1.625556e+02 -1.303495e+03 2.261500e-18) (2.145609e+00 -3.634003e-01 -1.248312e-20) (0.000000e+00 0.000000e+00 0.000000e+00)) ((6.517477e+02 -8.127782e+01 -8.351730e+02) (1.817002e-01 1.072805e+00 -2.876293e-01) (0.000000e+00 0.000000e+00 0.000000e+00))
5            	((-1.507681e+02 -1.108802e+03 2.553898e-18) (1.991019e+00 -8.639620e-02 -1.473392e-20) (0.000000e+00 0.000000e+00 0.000000e+00)) ((5.544008e+02 -7.538407e+01 -7.042027e+02) (4.319810e-02 9.955095e-01 -1.189286e-01) (0.000000e+00 0.000000e+00 0.000000e+00))
6            	((-2.950207e+01 5.755545e+01 1.140161e-18) (1.928266e+00 1.644243e-01 -3.681639e-21) (0.000000e+00 0.000000e+00 0.000000e+00)) ((-2.877773e+01 -1.475103e+01 1.689216e+01) (-8.221213e-02 9.641328e-01 3.300962e-02) (0.000000e+00 0.000000e+00 0.000000e+00))
7            	((6.892764e+01 9.401990e+02 -4.682124e-19) (1.889760e+00 2.269496e-01 7.826128e-21) (0.000000e+00 0.000000e+00 0.000000e+00)) ((-4.700995e+02 3.446382e+01 5.488438e+02) (-1.134748e-01 9.448800e-01 7.021220e-02) (0.000000e+00 0.000000e+00 0.000000e+00))
8            	((7.837737e+01 9.466765e+02 -1.137245e-18) (1.844873e+00 1.297178e-01 1.018615e-20) (0.000000e+00 0.000000e+00 0.000000e+00)) ((-4.733383e+02 3.918868e+01 5.334716e+02) (-6.485889e-02 9.224366e-01 1.131988e-02) (0.000000e+00 0.000000e+00 0.000000e+00))
9            	((2.607678e+01 4.371768e+02 -9.082572e-19) (1.798390e+00 1.138848e-02 6.298317e-21) (0.000000e+00 0.000000e+00 0.000000e+00)) ((-2.185884e+02 1.303839e+01 1.952620e+02) (-5.694241e-03 8.991951e-01 -6.026978e-02) (0.000000e+00 0.000000e+00 0.000000e+00))
10           	((-3.231579e+01 -4.531776e+01 -1.413221e-19) (1.747774e+00 -2.987187e-02 -1.975001e-21) (0.000000e+00 0.000000e+00 0.000000e+00)) ((2.265888e+01 -1.615789e+01 -1.173599e+02) (1.493594e-02 8.738871e-01 -8.589583e-02) (0.000000e+00 0.000000e+00 0.000000e+00))
11           	((-5.266780e+01 -1.175745e+02 4.932064e-19) (1.698186e+00 9.313209e-03 -7.675807e-21) (0.000000e+00 0.000000e+00 0.000000e+00)) ((5.878723e+01 -2.633390e+01 -1.597231e+02) (-4.656604e-03 8.490932e-01 -6.239619e-02) (0.000000e+00 0.000000e+00 0.000000e+00))
12           	((-3.799106e+01 1.025988e+02 6.714279e-19) (1.659248e+00 6.993519e-02 -7.146908e-21) (0.000000e+00 0.000000e+00 0.000000e+00)) ((-5.129940e+01 -1.899553e+01 -9.845420e+00) (-3.496759e-02 8.296239e-01 -2.569364e-02) (0.000000e+00 0.000000e+00 0.000000e+00))
13           	((-1.059222e+01 3.643051e+02 4.515172e-19) (1.630270e+00 9.991579e-02 -1.773987e-21) (0.000000e+00 0.000000e+00 0.000000e+00)) ((-1.821526e+02 -5.296109e+00 1.667921e+02) (-4.995789e-02 8.151350e-01 -7.896513e-03) (0.000000e+00 0.000000e+00 0.000000e+00))
14           	((5.725000e+00 4.579623e+02 5.264298e-20) (1.606587e+00 8.843741e-02 3.973587e-21) (0.000000e+00 0.000000e+00 0.000000e+00)) ((-2.289812e+02 2.862500e+00 2.274885e+02) (-4.421871e-02 8.032935e-01 -1.552137e-02) (0.000000e+00 0.000000e+00 0.000000e+00))
15           	((4.137868e+00 3.867063e+02 -1.662164e-19) (1.584703e+00 6.193418e-02 5.866246e-21) (0.000000e+00 0.000000e+00 0.000000e+00)) ((-1.933531e+02 2.068934e+00 1.735969e+02) (-3.096709e-02 7.923513e-01 -3.223139e-02) (0.000000e+00 0.000000e+00 0.000000e+00))
16           	((-7.704538e+00 2.753153e+02 -8.982953e-20) (1.562189e+00 4.894858e-02 3.168105e-21) (0.000000e+00 0.000000e+00 0.000000e+00)) ((-1.376577e+02 -3.852269e+00 8.797717e+01) (-2.447429e-02 7.810946e-01 -4.064500e-02) (0.000000e+00 0.000000e+00 0.000000e+00))
17           	((-1.892484e+01 2.286362e+02 2.131002e-19) (1.539182e+00 5.764217e-02 -1.141086e-21) (0.000000e+00 0.000000e+00 0.000000e+00)) ((-1.143181e+02 -9.462422e+00 4.717141e+01) (-2.882109e-02 7.695910e-01 -3.566263e-02) (0.000000e+00 0.000000e+00 0.000000e+00))
18           	((-2.403497e+01 2.555693e+02 5.757316e-19) (1.517032e+00 7.562813e-02 -4.006484e-21) (0.000000e+00 0.000000e+00 0.000000e+00)) ((-1.277846e+02 -1.201749e+01 6.197052e+01) (-3.781407e-02 7.585158e-01 -2.484083e-02) (0.000000e+00 0.000000e+00 0.000000e+00))
19           	((-2.385124e+01 3.042222e+02 8.211645e-19) (1.496243e+00 8.745188e-02 -4.114801e-21) (0.000000e+00 0.000000e+00 0.000000e+00)) ((-1.521111e+02 -1.192562e+01 9.780722e+01) (-4.372594e-02 7.481217e-01 -1.777934e-02) (0.000000e+00 0.000000e+00 0.000000e+00))
20           	((-2.123424e+01 3.295950e+02 8.454923e-19) (1.476767e+00 8.753079e-02 -1.716743e-21) (0.000000e+00 0.000000e+00 0.000000e+00)) ((-1.647975e+02 -1.061712e+01 1.210355e+02) (-4.376540e-02 7.383836e-01 -1.803556e-02) (0.000000e+00 0.000000e+00 0.000000e+00))
21           	((-1.892741e+01 3.232137e+02 6.806507e-19) (1.458354e+00 8.114416e-02 1.482985e-21) (0.000000e+00 0.000000e+00 0.000000e+00)) ((-1.616068e+02 -9.463706e+00 1.199722e+02) (-4.057208e-02 7.291768e-01 -2.228368e-02) (0.000000e+00 0.000000e+00 0.000000e+00))
22           	((-1.788848e+01 3.084832e+02 4.820858e-19) (1.441287e+00 7.690582e-02 3.596469e-21) (0.000000e+00 0.000000e+00 0.000000e+00)) ((-1.542416e+02 -8.944242e+00 1.080317e+02) (-3.845291e-02 7.206436e-01 -2.511617e-02) (0.000000e+00 0.000000e+00 0.000000e+00))
23           	((-1.817294e+01 3.061567e+02 3.894301e-19) (1.425522e+00 7.880966e-02 3.742422e-21) (0.000000e+00 0.000000e+00 0.000000e+00)) ((-1.530784e+02 -9.086472e+00 1.000783e+02) (-3.940483e-02 7.127612e-01 -2.403110e-02) (0.000000e+00 0.000000e+00 0.000000e+00))
24           	((-1.948589e+01 3.185574e+02 4.468552e-19) (1.410872e+00 8.460162e-02 1.631560e-21) (0.000000e+00 0.000000e+00 0.000000e+00)) ((-1.592787e+02 -9.742943e+00 1.018596e+02) (-4.230081e-02 7.054358e-01 -2.039876e-02) (0.000000e+00 0.000000e+00 0.000000e+00))
25           	((-2.153435e+01 3.306873e+02 6.305389e-19) (1.396751e+00 8.968740e-02 -7.371724e-22) (0.000000e+00 0.000000e+00 0.000000e+00)) ((-1.653437e+02 -1.076718e+01 1.067421e+02) (-4.484370e-02 6.983754e-01 -1.719776e-02) (0.000000e+00 0.000000e+00 0.000000e+00))
26           	((-2.387791e+01 3.312285e+02 8.315295e-19) (1.382540e+00 9.145325e-02 -2.139334e-21) (0.000000e+00 0.000000e+00 0.000000e+00)) ((-1.656143e+02 -1.193895e+01 1.078214e+02) (-4.572662e-02 6.912700e-01 -1.608679e-02) (0.000000e+00 0.000000e+00 0.000000e+00))
27           	((-2.552787e+01 3.215247e+02 9.444183e-19) (1.368133e+00 9.064699e-02 -2.217610e-21) (0.000000e+00 0.000000e+00 0.000000e+00)) ((-1.607623e+02 -1.276394e+01 1.043789e+02) (-4.532349e-02 6.840665e-01 -1.659363e-02) (0.000000e+00 0.000000e+00 0.000000e+00))
28           	((-2.592345e+01 3.118052e+02 9.450100e-19) (1.353996e+00 8.972670e-02 -1.672031e-21) (0.000000e+00 0.000000e+00 0.000000e+00)) ((-1.559026e+02 -1.296172e+01 1.003176e+02) (-4.486335e-02 6.769978e-01 -1.713543e-02) (0.000000e+00 0.000000e+00 0.000000e+00))
29           	((-2.521042e+01 3.106188e+02 8.649538e-19) (1.340880e+00 9.031383e-02 -1.099773e-21) (0.000000e+00 0.000000e+00 0.000000e+00)) ((-1.553094e+02 -1.260521e+01 9.988005e+01) (-4.515692e-02 6.704400e-01 -1.666189e-02) (0.000000e+00 0.000000e+00 0.000000e+00))
30           	((-2.398246e+01 3.190517e+02 7.739602e-19) (1.329162e+00 9.224214e-02 -1.057099e-21) (0.000000e+00 0.000000e+00 0.000000e+00)) ((-1.595258e+02 -1.199123e+01 1.035888e+02) (-4.612107e-02 6.645810e-01 -1.528118e-02) (0.000000e+00 0.000000e+00 0.000000e+00))
31           	((-2.337889e+01 3.291648e+02 7.418061e-19) (1.318721e+00 9.428421e-02 -1.716014e-21) (0.000000e+00 0.000000e+00 0.000000e+00)) ((-1.645824e+02 -1.168944e+01 1.075315e+02) (-4.714210e-02 6.593603e-01 -1.380750e-02) (0.000000e+00 0.000000e+00 0.000000e+00))
32           	((-2.380333e+01 3.337939e+02 7.766911e-19) (1.308988e+00 9.550393e-02 -2.578525e-21) (0.000000e+00 0.000000e+00 0.000000e+00)) ((-1.668969e+02 -1.190167e+01 1.086006e+02) (-4.775197e-02 6.544939e-01 -1.288630e-02) (0.000000e+00 0.000000e+00 0.000000e+00))
33           	((-2.504550e+01 3.311120e+02 8.585953e-19) (1.299378e+00 9.593177e-02 -3.337778e-21) (0.000000e+00 0.000000e+00 0.000000e+00)) ((-1.655560e+02 -1.252275e+01 1.061642e+02) (-4.796589e-02 6.496891e-01 -1.252134e-02) (0.000000e+00 0.000000e+00 0.000000e+00))
34           	((-2.646887e+01 3.242092e+02 9.395654e-19) (1.289666e+00 9.619855e-02 -3.639233e-21) (0.000000e+00 0.000000e+00 0.000000e+00)) ((-1.621046e+02 -1.323443e+01 1.022341e+02) (-4.809928e-02 6.448330e-01 -1.230301e-02) (0.000000e+00 0.000000e+00 0.000000e+00))
35           	((-2.707245e+01 3.211200e+02 9.648036e-19) (1.280025e+00 9.684978e-02 -3.417994e-21) (0.000000e+00 0.000000e+00 0.000000e+00)) ((-1.605600e+02 -1.353622e+01 1.007723e+02) (-4.842489e-02 6.400126e-01 -1.184885e-02) (0.000000e+00 0.000000e+00 0.000000e+00))
36           	((-2.718518e+01 3.197082e+02 9.669285e-19) (1.270890e+00 9.786107e-02 -3.079743e-21) (0.000000e+00 0.000000e+00 0.000000e+00)) ((-1.598541e+02 -1.359259e+01 1.007719e+02) (-4.893053e-02 6.354451e-01 -1.114120e-02) (0.000000e+00 0.000000e+00 0.000000e+00))
37           	((-2.681143e+01 3.218220e+02 9.423324e-19) (1.262348e+00 9.896612e-02 -2.948630e-21) (0.000000e+00 0.000000e+00 0.000000e+00)) ((-1.609110e+02 -1.340571e+01 1.022209e+02) (-4.948306e-02 6.311741e-01 -1.034171e-02) (0.000000e+00 0.000000e+00 0.000000e+00))
38           	((-2.628718e+01 3.255003e+02 9.107986e-19) (1.254539e+00 9.985904e-02 -3.090928e-21) (0.000000e+00 0.000000e+00 0.000000e+00)) ((-1.627501e+02 -1.314359e+01 1.038316e+02) (-4.992952e-02 6.272694e-01 -9.673158e-03) (0.000000e+00 0.000000e+00 0.000000e+00))
39           	((-2.612111e+01 3.272873e+02 9.028239e-19) (1.247330e+00 1.004591e-01 -3.439445e-21) (0.000000e+00 0.000000e+00 0.000000e+00)) ((-1.636436e+02 -1.306056e+01 1.041787e+02) (-5.022954e-02 6.236652e-01 -9.196940e-03) (0.000000e+00 0.000000e+00 0.000000e+00))
40           	((-2.623047e+01 3.278748e+02 9.089360e-19) (1.240472e+00 1.009385e-01 -3.784784e-21) (0.000000e+00 0.000000e+00 0.000000e+00)) ((-1.639374e+02 -1.311523e+01 1.037059e+02) (-5.046927e-02 6.202361e-01 -8.814263e-03) (0.000000e+00 0.000000e+00 0.000000e+00))
41           	((-2.660219e+01 3.275246e+02 9.267826e-19) (1.233890e+00 1.014784e-01 -4.004090e-21) (0.000000e+00 0.000000e+00 0.000000e+00)) ((-1.637623e+02 -1.330110e+01 1.028626e+02) (-5.073918e-02 6.169450e-01 -8.408821e-03) (0.000000e+00 0.000000e+00 0.000000e+00))
42           	((-2.709045e+01 3.268438e+02 9.491735e-19) (1.227504e+00 1.021454e-01 -4.068097e-21) (0.000000e+00 0.000000e+00 0.000000e+00)) ((-1.634219e+02 -1.354522e+01 1.021535e+02) (-5.107271e-02 6.137518e-01 -7.930495e-03) (0.000000e+00 0.000000e+00 0.000000e+00))
43           	((-2.759229e+01 3.260224e+02 9.760830e-19) (1.221282e+00 1.028675e-01 -4.113309e-21) (0.000000e+00 0.000000e+00 0.000000e+00)) ((-1.630112e+02 -1.379614e+01 1.016757e+02) (-5.143374e-02 6.106411e-01 -7.420394e-03) (0.000000e+00 0.000000e+00 0.000000e+00))
44           	((-2.791221e+01 3.254906e+02 9.924724e-19) (1.215247e+00 1.035280e-01 -4.106144e-21) (0.000000e+00 0.000000e+00 0.000000e+00)) ((-1.627453e+02 -1.395611e+01 1.015485e+02) (-5.176401e-02 6.076236e-01 -6.954922e-03) (0.000000e+00 0.000000e+00 0.000000e+00))
45           	((-2.798772e+01 3.254583e+02 9.927111e-19) (1.209464e+00 1.040732e-01 -4.055588e-21) (0.000000e+00 0.000000e+00 0.000000e+00)) ((-1.627292e+02 -1.399386e+01 1.016743e+02) (-5.203659e-02 6.047319e-01 -6.573525e-03) (0.000000e+00 0.000000e+00 0.000000e+00))
46           	((-2.789180e+01 3.258195e+02 9.864065e-19) (1.204003e+00 1.045354e-01 -4.078579e-21) (0.000000e+00 0.000000e+00 0.000000e+00)) ((-1.629098e+02 -1.394590e+01 1.018504e+02) (-5.226768e-02 6.020016e-01 -6.256506e-03) (0.000000e+00 0.000000e+00 0.000000e+00))
47           	((-2.772622e+01 3.265356e+02 9.784397e-19) (1.198897e+00 1.049786e-01 -4.164143e-21) (0.000000e+00 0.000000e+00 0.000000e+00)) ((-1.632678e+02 -1.386311e+01 1.020181e+02) (-5.248929e-02 5.994485e-01 -5.957455e-03) (0.000000e+00 0.000000e+00 0.000000e+00))
48           	((-2.758128e+01 3.275377e+02 9.736941e-19) (1.194125e+00 1.054426e-01 -4.299425e-21) (0.000000e+00 0.000000e+00 0.000000e+00)) ((-1.637688e+02 -1.379064e+01 1.021728e+02) (-5.272132e-02 5.970624e-01 -5.642810e-03) (0.000000e+00 0.000000e+00 0.000000e+00))
49           	((-2.756531e+01 3.284693e+02 9.762839e-19) (1.189632e+00 1.059190e-01 -4.455434e-21) (0.000000e+00 0.000000e+00 0.000000e+00)) ((-1.642347e+02 -1.378266e+01 1.022520e+02) (-5.295948e-02 5.948159e-01 -5.313740e-03) (0.000000e+00 0.000000e+00 0.000000e+00))
50           	((-2.771754e+01 3.289766e+02 9.860023e-19) (1.185333e+00 1.063700e-01 -4.582209e-21) (0.000000e+00 0.000000e+00 0.000000e+00)) ((-1.644883e+02 -1.385877e+01 1.022178e+02) (-5.318501e-02 5.926663e-01 -4.996847e-03) (0.000000e+00 0.000000e+00 0.000000e+00))
51           	((-2.797445e+01 3.290418e+02 9.988243e-19) (1.181150e+00 1.067697e-01 -4.656541e-21) (0.000000e+00 0.000000e+00 0.000000e+00)) ((-1.645209e+02 -1.398723e+01 1.021010e+02) (-5.338483e-02 5.905749e-01 -4.717311e-03) (0.000000e+00 0.000000e+00 0.000000e+00))
52           	((-2.826738e+01 3.288490e+02 1.010720e-18) (1.177056e+00 1.071242e-01 -4.683518e-21) (0.000000e+00 0.000000e+00 0.000000e+00)) ((-1.644245e+02 -1.413369e+01 1.019479e+02) (-5.356210e-02 5.885279e-01 -4.480212e-03) (0.000000e+00 0.000000e+00 0.000000e+00))
53           	((-2.851542e+01 3.286686e+02 1.020601e-18) (1.173065e+00 1.074598e-01 -4.710376e-21) (0.000000e+00 0.000000e+00 0.000000e+00)) ((-1.643343e+02 -1.425771e+01 1.018297e+02) (-5.372990e-02 5.865323e-01 -4.272622e-03) (0.000000e+00 0.000000e+00 0.000000e+00))
54           	((-2.862538e+01 3.288437e+02 1.021593e-18) (1.169219e+00 1.077956e-01 -4.694844e-21) (0.000000e+00 0.000000e+00 0.000000e+00)) ((-1.644219e+02 -1.431269e+01 1.018639e+02) (-5.389778e-02 5.846095e-01 -4.078854e-03) (0.000000e+00 0.000000e+00 0.000000e+00))
55           	((-2.861337e+01 3.293286e+02 1.018955e-18) (1.165570e+00 1.081292e-01 -4.705902e-21) (0.000000e+00 0.000000e+00 0.000000e+00)) ((-1.646643e+02 -1.430668e+01 1.020047e+02) (-5.406461e-02 5.827851e-01 -3.891932e-03) (0.000000e+00 0.000000e+00 0.000000e+00))
56           	((-2.853435e+01 3.300216e+02 1.015778e-18) (1.162138e+00 1.084417e-01 -4.752177e-21) (0.000000e+00 0.000000e+00 0.000000e+00)) ((-1.650108e+02 -1.426717e+01 1.021981e+02) (-5.422083e-02 5.810690e-01 -3.716352e-03) (0.000000e+00 0.000000e+00 0.000000e+00))
57           	((-2.845274e+01 3.307568e+02 1.015079e-18) (1.158903e+00 1.087151e-01 -4.836352e-21) (0.000000e+00 0.000000e+00 0.000000e+00)) ((-1.653784e+02 -1.422637e+01 1.023734e+02) (-5.435755e-02 5.794514e-01 -3.559628e-03) (0.000000e+00 0.000000e+00 0.000000e+00))
58           	((-2.844879e+01 3.312957e+02 1.018822e-18) (1.155824e+00 1.089461e-01 -4.939751e-21) (0.000000e+00 0.000000e+00 0.000000e+00)) ((-1.656479e+02 -1.422440e+01 1.024534e+02) (-5.447306e-02 5.779122e-01 -3.425748e-03) (0.000000e+00 0.000000e+00 0.000000e+00))
59           	((-2.855051e+01 3.315639e+02 1.025998e-18) (1.152849e+00 1.091470e-01 -5.027822e-21) (0.000000e+00 0.000000e+00 0.000000e+00)) ((-1.657819e+02 -1.427525e+01 1.024414e+02) (-5.457349e-02 5.764244e-01 -3.312304e-03) (0.000000e+00 0.000000e+00 0.000000e+00))
60           	((-2.871988e+01 3.316916e+02 1.033877e-18) (1.149936e+00 1.093352e-01 -5.083294e-21) (0.000000e+00 0.000000e+00 0.000000e+00)) ((-1.658458e+02 -1.435994e+01 1.024029e+02) (-5.466760e-02 5.749679e-01 -3.213542e-03) (0.000000e+00 0.000000e+00 0.000000e+00))
61           	((-2.891235e+01 3.318368e+02 1.040274e-18) (1.147077e+00 1.095221e-01 -5.106534e-21) (0.000000e+00 0.000000e+00 0.000000e+00)) ((-1.659184e+02 -1.445617e+01 1.023933e+02) (-5.476107e-02 5.735385e-01 -3.125116e-03) (0.000000e+00 0.000000e+00 0.000000e+00))
62           	((-2.907528e+01 3.321123e+02 1.043712e-18) (1.144285e+00 1.097080e-01 -5.106391e-21) (0.000000e+00 0.000000e+00 0.000000e+00)) ((-1.660562e+02 -1.453764e+01 1.024491e+02) (-5.485400e-02 5.721426e-01 -3.046183e-03) (0.000000e+00 0.000000e+00 0.000000e+00))
63           	((-2.916304e+01 3.325074e+02 1.044191e-18) (1.141583e+00 1.098838e-01 -5.103403e-21) (0.000000e+00 0.000000e+00 0.000000e+00)) ((-1.662537e+02 -1.458152e+01 1.025564e+02) (-5.494192e-02 5.707914e-01 -2.978854e-03) (0.000000e+00 0.000000e+00 0.000000e+00))
64           	((-2.918331e+01 3.329137e+02 1.043392e-18) (1.138991e+00 1.100388e-01 -5.115607e-21) (0.000000e+00 0.000000e+00 0.000000e+00)) ((-1.664568e+02 -1.459165e+01 1.026617e+02) (-5.501939e-02 5.694956e-01 -2.925784e-03) (0.000000e+00 0.000000e+00 0.000000e+00))
65           	((-2.917070e+01 3.332915e+02 1.042883e-18) (1.136515e+00 1.101673e-01 -5.147468e-21) (0.000000e+00 0.000000e+00 0.000000e+00)) ((-1.666458e+02 -1.458535e+01 1.027378e+02) (-5.508364e-02 5.682574e-01 -2.887629e-03) (0.000000e+00 0.000000e+00 0.000000e+00))
66           	((-2.915816e+01 3.336187e+02 1.043837e-18) (1.134142e+00 1.102707e-01 -5.199080e-21) (0.000000e+00 0.000000e+00 0.000000e+00)) ((-1.668094e+02 -1.457908e+01 1.027700e+02) (-5.513533e-02 5.670709e-01 -2.862584e-03) (0.000000e+00 0.000000e+00 0.000000e+00))
67           	((-2.918284e+01 3.338571e+02 1.046969e-18) (1.131855e+00 1.103555e-01 -5.261450e-21) (0.000000e+00 0.000000e+00 0.000000e+00)) ((-1.669285e+02 -1.459142e+01 1.027568e+02) (-5.517775e-02 5.659275e-01 -2.847433e-03) (0.000000e+00 0.000000e+00 0.000000e+00))
68           	((-2.925704e+01 3.340250e+02 1.051575e-18) (1.129632e+00 1.104293e-01 -5.316338e-21) (0.000000e+00 0.000000e+00 0.000000e+00)) ((-1.670125e+02 -1.462852e+01 1.027324e+02) (-5.521466e-02 5.648158e-01 -2.839354e-03) (0.000000e+00 0.000000e+00 0.000000e+00))
69           	((-2.936196e+01 3.341865e+02 1.056248e-18) (1.127454e+00 1.104966e-01 -5.354439e-21) (0.000000e+00 0.000000e+00 0.000000e+00)) ((-1.670932e+02 -1.468098e+01 1.027285e+02) (-5.524830e-02 5.637269e-01 -2.837186e-03) (0.000000e+00 0.000000e+00 0.000000e+00))
70           	((-2.947982e+01 3.343918e+02 1.060049e-18) (1.125319e+00 1.105588e-01 -5.376170e-21) (0.000000e+00 0.000000e+00 0.000000e+00)) ((-1.671959e+02 -1.473991e+01 1.027542e+02) (-5.527939e-02 5.626595e-01 -2.840977e-03) (0.000000e+00 0.000000e+00 0.000000e+00))
71           	((-2.958978e+01 3.346614e+02 1.062336e-18) (1.123234e+00 1.106150e-01 -5.384477e-21) (0.000000e+00 0.000000e+00 0.000000e+00)) ((-1.673307e+02 -1.479489e+01 1.028080e+02) (-5.530752e-02 5.616170e-01 -2.851276e-03) (0.000000e+00 0.000000e+00 0.000000e+00))
72           	((-2.966385e+01 3.349410e+02 1.063103e-18) (1.121210e+00 1.106627e-01 -5.388522e-21) (0.000000e+00 0.000000e+00 0.000000e+00)) ((-1.674705e+02 -1.483192e+01 1.028639e+02) (-5.533133e-02 5.606050e-01 -2.868678e-03) (0.000000e+00 0.000000e+00 0.000000e+00))
73           	((-2.970034e+01 3.351574e+02 1.063272e-18) (1.119258e+00 1.106988e-01 -5.398385e-21) (0.000000e+00 0.000000e+00 0.000000e+00)) ((-1.675787e+02 -1.485017e+01 1.028900e+02) (-5.534940e-02 5.596292e-01 -2.893385e-03) (0.000000e+00 0.000000e+00 0.000000e+00))
74           	((-2.971747e+01 3.353051e+02 1.063661e-18) (1.117382e+00 1.107220e-01 -5.416953e-21) (0.000000e+00 0.000000e+00 0.000000e+00)) ((-1.676525e+02 -1.485874e+01 1.028778e+02) (-5.536098e-02 5.586911e-01 -2.925029e-03) (0.000000e+00 0.000000e+00 0.000000e+00))
75           	((-2.973159e+01 3.353953e+02 1.064798e-18) (1.115577e+00 1.107326e-01 -5.444944e-21) (0.000000e+00 0.000000e+00 0.000000e+00)) ((-1.676977e+02 -1.486579e+01 1.028271e+02) (-5.536629e-02 5.577884e-01 -2.962565e-03) (0.000000e+00 0.000000e+00 0.000000e+00))
76           	((-2.975855e+01 3.354454e+02 1.066972e-18) (1.113834e+00 1.107332e-01 -5.479832e-21) (0.000000e+00 0.000000e+00 0.000000e+00)) ((-1.677227e+02 -1.487927e+01 1.027545e+02) (-5.536660e-02 5.569172e-01 -3.004289e-03) (0.000000e+00 0.000000e+00 0.000000e+00))
77           	((-2.980553e+01 3.354966e+02 1.069816e-18) (1.112145e+00 1.107272e-01 -5.513165e-21) (0.000000e+00 0.000000e+00 0.000000e+00)) ((-1.677483e+02 -1.490277e+01 1.026987e+02) (-5.536361e-02 5.560726e-01 -3.048600e-03) (0.000000e+00 0.000000e+00 0.000000e+00))
78           	((-2.986560e+01 3.355804e+02 1.072589e-18) (1.110500e+00 1.107166e-01 -5.538606e-21) (0.000000e+00 0.000000e+00 0.000000e+00)) ((-1.677902e+02 -1.493280e+01 1.026785e+02) (-5.535832e-02 5.552502e-01 -3.094957e-03) (0.000000e+00 0.000000e+00 0.000000e+00))
79           	((-2.993278e+01 3.357044e+02 1.074863e-18) (1.108898e+00 1.107023e-01 -5.555494e-21) (0.000000e+00 0.000000e+00 0.000000e+00)) ((-1.678522e+02 -1.496639e+01 1.026858e+02) (-5.535113e-02 5.544491e-01 -3.143640e-03) (0.000000e+00 0.000000e+00 0.000000e+00))
80           	((-3.000111e+01 3.358653e+02 1.076367e-18) (1.107343e+00 1.106839e-01 -5.564129e-21) (0.000000e+00 0.000000e+00 0.000000e+00)) ((-1.679327e+02 -1.500055e+01 1.027074e+02) (-5.534196e-02 5.536714e-01 -3.195185e-03) (0.000000e+00 0.000000e+00 0.000000e+00))
81           	((-3.005369e+01 3.360055e+02 1.077431e-18) (1.105839e+00 1.106606e-01 -5.573362e-21) (0.000000e+00 0.000000e+00 0.000000e+00)) ((-1.680027e+02 -1.502684e+01 1.027155e+02) (-5.533032e-02 5.529195e-01 -3.249997e-03) (0.000000e+00 0.000000e+00 0.000000e+00))
82           	((-3.008435e+01 3.360819e+02 1.077993e-18) (1.104392e+00 1.106316e-01 -5.581721e-21) (0.000000e+00 0.000000e+00 0.000000e+00)) ((-1.680409e+02 -1.504218e+01 1.026940e+02) (-5.531579e-02 5.521962e-01 -3.307940e-03) (0.000000e+00 0.000000e+00 0.000000e+00))
83           	((-3.010151e+01 3.360974e+02 1.078546e-18) (1.103005e+00 1.105971e-01 -5.592354e-21) (0.000000e+00 0.000000e+00 0.000000e+00)) ((-1.680487e+02 -1.505076e+01 1.026420e+02) (-5.529853e-02 5.515024e-01 -3.368182e-03) (0.000000e+00 0.000000e+00 0.000000e+00))
84           	((-3.011384e+01 3.360700e+02 1.079321e-18) (1.101673e+00 1.105580e-01 -5.605843e-21) (0.000000e+00 0.000000e+00 0.000000e+00)) ((-1.680350e+02 -1.505692e+01 1.025657e+02) (-5.527899e-02 5.508364e-01 -3.429624e-03) (0.000000e+00 0.000000e+00 0.000000e+00))
85           	((-3.012959e+01 3.360300e+02 1.080572e-18) (1.100392e+00 1.105159e-01 -5.623396e-21) (0.000000e+00 0.000000e+00 0.000000e+00)) ((-1.680150e+02 -1.506479e+01 1.024856e+02) (-5.525794e-02 5.501961e-01 -3.491041e-03) (0.000000e+00 0.000000e+00 0.000000e+00))
86           	((-3.015368e+01 3.360196e+02 1.082110e-18) (1.099158e+00 1.104721e-01 -5.641205e-21) (0.000000e+00 0.000000e+00 0.000000e+00)) ((-1.680098e+02 -1.507684e+01 1.024319e+02) (-5.523607e-02 5.495788e-01 -3.551750e-03) (0.000000e+00 0.000000e+00 0.000000e+00))
87           	((-3.018413e+01 3.360549e+02 1.083569e-18) (1.097964e+00 1.104270e-01 -5.655533e-21) (0.000000e+00 0.000000e+00 0.000000e+00)) ((-1.680275e+02 -1.509206e+01 1.024136e+02) (-5.521351e-02 5.489819e-01 -3.612006e-03) (0.000000e+00 0.000000e+00 0.000000e+00))
88           	((-3.021916e+01 3.361244e+02 1.084881e-18) (1.096810e+00 1.103804e-01 -5.667276e-21) (0.000000e+00 0.000000e+00 0.000000e+00)) ((-1.680622e+02 -1.510958e+01 1.024160e+02) (-5.519018e-02 5.484049e-01 -3.672479e-03) (0.000000e+00 0.000000e+00 0.000000e+00))
89           	((-3.025584e+01 3.362130e+02 1.085878e-18) (1.095697e+00 1.103321e-01 -5.675581e-21) (0.000000e+00 0.000000e+00 0.000000e+00)) ((-1.681065e+02 -1.512792e+01 1.024246e+02) (-5.516605e-02 5.478485e-01 -3.733592e-03) (0.000000e+00 0.000000e+00 0.000000e+00))
90           	((-3.028544e+01 3.362821e+02 1.086465e-18) (1.094628e+00 1.102823e-01 -5.680679e-21) (0.000000e+00 0.000000e+00 0.000000e+00)) ((-1.681411e+02 -1.514272e+01 1.024205e+02) (-5.514114e-02 5.473139e-01 -3.795306e-03) (0.000000e+00 0.000000e+00 0.000000e+00))
91           	((-3.030393e+01 3.363050e+02 1.086796e-18) (1.093604e+00 1.102314e-01 -5.684537e-21) (0.000000e+00 0.000000e+00 0.000000e+00)) ((-1.681525e+02 -1.515196e+01 1.023939e+02) (-5.511572e-02 5.468020e-01 -3.857011e-03) (0.000000e+00 0.000000e+00 0.000000e+00))
92           	((-3.031446e+01 3.362881e+02 1.087113e-18) (1.092626e+00 1.101803e-01 -5.689221e-21) (0.000000e+00 0.000000e+00 0.000000e+00)) ((-1.681441e+02 -1.515723e+01 1.023486e+02) (-5.509017e-02 5.463131e-01 -3.917950e-03) (0.000000e+00 0.000000e+00 0.000000e+00))
93           	((-3.032123e+01 3.362498e+02 1.087513e-18) (1.091692e+00 1.101296e-01 -5.695148e-21) (0.000000e+00 0.000000e+00 0.000000e+00)) ((-1.681249e+02 -1.516062e+01 1.022935e+02) (-5.506478e-02 5.458461e-01 -3.977538e-03) (0.000000e+00 0.000000e+00 0.000000e+00))
94           	((-3.032829e+01 3.362136e+02 1.088137e-18) (1.090799e+00 1.100795e-01 -5.703571e-21) (0.000000e+00 0.000000e+00 0.000000e+00)) ((-1.681068e+02 -1.516414e+01 1.022427e+02) (-5.503975e-02 5.453994e-01 -4.035363e-03) (0.000000e+00 0.000000e+00 0.000000e+00))
95           	((-3.033859e+01 3.362039e+02 1.088908e-18) (1.089943e+00 1.100303e-01 -5.712974e-21) (0.000000e+00 0.000000e+00 0.000000e+00)) ((-1.681020e+02 -1.516929e+01 1.022114e+02) (-5.501517e-02 5.449713e-01 -4.091357e-03) (0.000000e+00 0.000000e+00 0.000000e+00))
96           	((-3.035245e+01 3.362289e+02 1.089664e-18) (1.089121e+00 1.099819e-01 -5.721306e-21) (0.000000e+00 0.000000e+00 0.000000e+00)) ((-1.681145e+02 -1.517622e+01 1.022040e+02) (-5.499096e-02 5.445603e-01 -4.145807e-03) (0.000000e+00 0.000000e+00 0.000000e+00))
97           	((-3.036927e+01 3.362806e+02 1.090370e-18) (1.088331e+00 1.099340e-01 -5.728637e-21) (0.000000e+00 0.000000e+00 0.000000e+00)) ((-1.681403e+02 -1.518463e+01 1.022120e+02) (-5.496702e-02 5.441656e-01 -4.199105e-03) (0.000000e+00 0.000000e+00 0.000000e+00))
98           	((-3.038795e+01 3.363491e+02 1.090938e-18) (1.087574e+00 1.098868e-01 -5.734192e-21) (0.000000e+00 0.000000e+00 0.000000e+00)) ((-1.681746e+02 -1.519398e+01 1.022264e+02) (-5.494341e-02 5.437872e-01 -4.251465e-03) (0.000000e+00 0.000000e+00 0.000000e+00))
99           	((-3.040484e+01 3.364099e+02 1.091311e-18) (1.086851e+00 1.098404e-01 -5.737750e-21) (0.000000e+00 0.000000e+00 0.000000e+00)) ((-1.682050e+02 -1.520242e+01 1.022342e+02) (-5.492020e-02 5.434253e-01 -4.302881e-03) (0.000000e+00 0.000000e+00 0.000000e+00))
100          	((-3.041701e+01 3.364423e+02 1.091539e-18) (1.086160e+00 1.097951e-01 -5.740131e-21) (0.000000e+00 0.000000e+00 0.000000e+00)) ((-1.682212e+02 -1.520850e+01 1.022271e+02) (-5.489756e-02 5.430800e-01 -4.353094e-03) (0.000000e+00 0.000000e+00 0.000000e+00))
101          	((-3.042484e+01 3.364489e+02 1.091738e-18) (1.085502e+00 1.097513e-01 -5.742639e-21) (0.000000e+00 0.000000e+00 0.000000e+00)) ((-1.682245e+02 -1.521242e+01 1.022078e+02) (-5.487567e-02 5.427512e-01 -4.401772e-03) (0.000000e+00 0.000000e+00 0.000000e+00))
102          	((-3.043008e+01 3.364436e+02 1.091972e-18) (1.084877e+00 1.097092e-01 -5.745835e-21) (0.000000e+00 0.000000e+00 0.000000e+00)) ((-1.682218e+02 -1.521504e+01 1.021835e+02) (-5.485462e-02 5.424383e-01 -4.448685e-03) (0.000000e+00 0.000000e+00 0.000000e+00))
103          	((-3.043453e+01 3.364404e+02 1.092324e-18) (1.084280e+00 1.096689e-01 -5.750665e-21) (0.000000e+00 0.000000e+00 0.000000e+00)) ((-1.682202e+02 -1.521727e+01 1.021621e+02) (-5.483446e-02 5.421401e-01 -4.493669e-03) (0.000000e+00 0.000000e+00 0.000000e+00))
104          	((-3.043983e+01 3.364531e+02 1.092783e-18) (1.083711e+00 1.096303e-01 -5.756729e-21) (0.000000e+00 0.000000e+00 0.000000e+00)) ((-1.682266e+02 -1.521992e+01 1.021516e+02) (-5.481517e-02 5.418555e-01 -4.536671e-03) (0.000000e+00 0.000000e+00 0.000000e+00))
105          	((-3.044711e+01 3.364890e+02 1.093290e-18) (1.083167e+00 1.095934e-01 -5.763011e-21) (0.000000e+00 0.000000e+00 0.000000e+00)) ((-1.682445e+02 -1.522356e+01 1.021561e+02) (-5.479672e-02 5.415835e-01 -4.577795e-03) (0.000000e+00 0.000000e+00 0.000000e+00))
106          	((-3.045658e+01 3.365462e+02 1.093772e-18) (1.082646e+00 1.095580e-01 -5.768523e-21) (0.000000e+00 0.000000e+00 0.000000e+00)) ((-1.682731e+02 -1.522829e+01 1.021734e+02) (-5.477902e-02 5.413231e-01 -4.617291e-03) (0.000000e+00 0.000000e+00 0.000000e+00))
107          	((-3.046781e+01 3.366176e+02 1.094176e-18) (1.082148e+00 1.095240e-01 -5.772712e-21) (0.000000e+00 0.000000e+00 0.000000e+00)) ((-1.683088e+02 -1.523390e+01 1.021974e+02) (-5.476201e-02 5.410739e-01 -4.655420e-03) (0.000000e+00 0.000000e+00 0.000000e+00))
108          	((-3.047941e+01 3.366881e+02 1.094480e-18) (1.081671e+00 1.094914e-01 -5.775533e-21) (0.000000e+00 0.000000e+00 0.000000e+00)) ((-1.683440e+02 -1.523970e+01 1.022188e+02) (-5.474568e-02 5.408357e-01 -4.692341e-03) (0.000000e+00 0.000000e+00 0.000000e+00))
109          	((-3.048957e+01 3.367416e+02 1.094713e-18) (1.081217e+00 1.094601e-01 -5.777681e-21) (0.000000e+00 0.000000e+00 0.000000e+00)) ((-1.683708e+02 -1.524479e+01 1.022298e+02) (-5.473005e-02 5.406083e-01 -4.728029e-03) (0.000000e+00 0.000000e+00 0.000000e+00))
110          	((-3.049764e+01 3.367759e+02 1.094940e-18) (1.080783e+00 1.094304e-01 -5.780092e-21) (0.000000e+00 0.000000e+00 0.000000e+00)) ((-1.683879e+02 -1.524882e+01 1.022306e+02) (-5.471519e-02 5.403917e-01 -4.762328e-03) (0.000000e+00 0.000000e+00 0.000000e+00))
111          	((-3.050414e+01 3.368003e+02 1.095210e-18) (1.080370e+00 1.094023e-01 -5.783343e-21) (0.000000e+00 0.000000e+00 0.000000e+00)) ((-1.684001e+02 -1.525207e+01 1.022268e+02) (-5.470115e-02 5.401852e-01 -4.795092e-03) (0.000000e+00 0.000000e+00 0.000000e+00))
112          	((-3.050987e+01 3.368257e+02 1.095550e-18) (1.079976e+00 1.093759e-01 -5.787668e-21) (0.000000e+00 0.000000e+00 0.000000e+00)) ((-1.684129e+02 -1.525493e+01 1.022242e+02) (-5.468793e-02 5.399882e-01 -4.826225e-03) (0.000000e+00 0.000000e+00 0.000000e+00))
113          	((-3.051563e+01 3.368619e+02 1.095965e-18) (1.079600e+00 1.093511e-01 -5.792975e-21) (0.000000e+00 0.000000e+00 0.000000e+00)) ((-1.684310e+02 -1.525781e+01 1.022285e+02) (-5.467553e-02 5.397998e-01 -4.855694e-03) (0.000000e+00 0.000000e+00 0.000000e+00))
114          	((-3.052221e+01 3.369133e+02 1.096429e-18) (1.079238e+00 1.093278e-01 -5.798677e-21) (0.000000e+00 0.000000e+00 0.000000e+00)) ((-1.684567e+02 -1.526110e+01 1.022428e+02) (-5.466391e-02 5.396192e-01 -4.883577e-03) (0.000000e+00 0.000000e+00 0.000000e+00))
115          	((-3.053001e+01 3.369773e+02 1.096830e-18) (1.078892e+00 1.093059e-01 -5.803106e-21) (0.000000e+00 0.000000e+00 0.000000e+00)) ((-1.684887e+02 -1.526501e+01 1.022655e+02) (-5.465295e-02 5.394460e-01 -4.910095e-03) (0.000000e+00 0.000000e+00 0.000000e+00))
116          	((-3.053904e+01 3.370442e+02 1.097255e-18) (1.078559e+00 1.092851e-01 -5.807510e-21) (0.000000e+00 0.000000e+00 0.000000e+00)) ((-1.685221e+02 -1.526952e+01 1.022901e+02) (-5.464256e-02 5.392796e-01 -4.935488e-03) (0.000000e+00 0.000000e+00 0.000000e+00))
117          	((-3.054873e+01 3.371082e+02 1.097627e-18) (1.078239e+00 1.092654e-01 -5.811075e-21) (0.000000e+00 0.000000e+00 0.000000e+00)) ((-1.685541e+02 -1.527437e+01 1.023116e+02) (-5.463268e-02 5.391197e-01 -4.959903e-03) (0.000000e+00 0.000000e+00 0.000000e+00))
118          	((-3.055816e+01 3.371639e+02 1.097957e-18) (1.077932e+00 1.092467e-01 -5.814206e-21) (0.000000e+00 0.000000e+00 0.000000e+00)) ((-1.685819e+02 -1.527908e+01 1.023270e+02) (-5.462333e-02 5.389661e-01 -4.983312e-03) (0.000000e+00 0.000000e+00 0.000000e+00))
119          	((-3.056663e+01 3.372103e+02 1.098275e-18) (1.077638e+00 1.092291e-01 -5.817463e-21) (0.000000e+00 0.000000e+00 0.000000e+00)) ((-1.686051e+02 -1.528331e+01 1.023368e+02) (-5.461455e-02 5.388188e-01 -5.005603e-03) (0.000000e+00 0.000000e+00 0.000000e+00))
120          	((-3.057410e+01 3.372523e+02 1.098609e-18) (1.077355e+00 1.092128e-01 -5.821180e-21) (0.000000e+00 0.000000e+00 0.000000e+00)) ((-1.686261e+02 -1.528705e+01 1.023444e+02) (-5.460638e-02 5.386773e-01 -5.026690e-03) (0.000000e+00 0.000000e+00 0.000000e+00))
121          	((-3.058087e+01 3.372975e+02 1.098925e-18) (1.077083e+00 1.091976e-01 -5.824767e-21) (0.000000e+00 0.000000e+00 0.000000e+00)) ((-1.686488e+02 -1.529043e+01 1.023543e+02) (-5.459879e-02 5.385413e-01 -5.046561e-03) (0.000000e+00 0.000000e+00 0.000000e+00))
122          	((-3.058734e+01 3.373473e+02 1.099278e-18) (1.076820e+00 1.091835e-01 -5.828817e-21) (0.000000e+00 0.000000e+00 0.000000e+00)) ((-1.686736e+02 -1.529367e+01 1.023682e+02) (-5.459174e-02 5.384102e-01 -5.065262e-03) (0.000000e+00 0.000000e+00 0.000000e+00))
123          	((-3.059407e+01 3.374003e+02 1.099663e-18) (1.076567e+00 1.091703e-01 -5.833083e-21) (0.000000e+00 0.000000e+00 0.000000e+00)) ((-1.687001e+02 -1.529704e+01 1.023858e+02) (-5.458517e-02 5.382837e-01 -5.082938e-03) (0.000000e+00 0.000000e+00 0.000000e+00))
124          	((-3.060153e+01 3.374536e+02 1.100103e-18) (1.076323e+00 1.091580e-01 -5.837827e-21) (0.000000e+00 0.000000e+00 0.000000e+00)) ((-1.687268e+02 -1.530076e+01 1.024044e+02) (-5.457899e-02 5.381614e-01 -5.099745e-03) (0.000000e+00 0.000000e+00 0.000000e+00))
125          	((-3.060979e+01 3.375075e+02 1.100522e-18) (1.076086e+00 1.091463e-01 -5.842114e-21) (0.000000e+00 0.000000e+00 0.000000e+00)) ((-1.687538e+02 -1.530489e+01 1.024227e+02) (-5.457316e-02 5.380430e-01 -5.115774e-03) (0.000000e+00 0.000000e+00 0.000000e+00))
126          	((-3.061850e+01 3.375613e+02 1.100910e-18) (1.075857e+00 1.091354e-01 -5.845938e-21) (0.000000e+00 0.000000e+00 0.000000e+00)) ((-1.687806e+02 -1.530925e+01 1.024398e+02) (-5.456768e-02 5.379284e-01 -5.131017e-03) (0.000000e+00 0.000000e+00 0.000000e+00))
127          	((-3.062700e+01 3.376135e+02 1.101223e-18) (1.075635e+00 1.091252e-01 -5.848879e-21) (0.000000e+00 0.000000e+00 0.000000e+00)) ((-1.688067e+02 -1.531350e+01 1.024551e+02) (-5.456258e-02 5.378174e-01 -5.145435e-03) (0.000000e+00 0.000000e+00 0.000000e+00))
128          	((-3.063480e+01 3.376603e+02 1.101561e-18) (1.075420e+00 1.091157e-01 -5.852342e-21) (0.000000e+00 0.000000e+00 0.000000e+00)) ((-1.688302e+02 -1.531740e+01 1.024677e+02) (-5.455785e-02 5.377100e-01 -5.159008e-03) (0.000000e+00 0.000000e+00 0.000000e+00))
129          	((-3.064185e+01 3.377047e+02 1.101857e-18) (1.075212e+00 1.091069e-01 -5.855369e-21) (0.000000e+00 0.000000e+00 0.000000e+00)) ((-1.688523e+02 -1.532092e+01 1.024796e+02) (-5.455347e-02 5.376061e-01 -5.171781e-03) (0.000000e+00 0.000000e+00 0.000000e+00))
130          	((-3.064833e+01 3.377472e+02 1.102170e-18) (1.075011e+00 1.090988e-01 -5.858677e-21) (0.000000e+00 0.000000e+00 0.000000e+00)) ((-1.688736e+02 -1.532416e+01 1.024914e+02) (-5.454940e-02 5.375054e-01 -5.183802e-03) (0.000000e+00 0.000000e+00 0.000000e+00))
131          	((-3.065459e+01 3.377895e+02 1.102505e-18) (1.074816e+00 1.090912e-01 -5.862246e-21) (0.000000e+00 0.000000e+00 0.000000e+00)) ((-1.688948e+02 -1.532730e+01 1.025040e+02) (-5.454562e-02 5.374078e-01 -5.195130e-03) (0.000000e+00 0.000000e+00 0.000000e+00))
132          	((-3.066099e+01 3.378321e+02 1.102855e-18) (1.074626e+00 1.090842e-01 -5.865955e-21) (0.000000e+00 0.000000e+00 0.000000e+00)) ((-1.689161e+02 -1.533050e+01 1.025174e+02) (-5.454212e-02 5.373130e-01 -5.205809e-03) (0.000000e+00 0.000000e+00 0.000000e+00))
133          	((-3.066774e+01 3.378747e+02 1.103235e-18) (1.074442e+00 1.090777e-01 -5.869973e-21) (0.000000e+00 0.000000e+00 0.000000e+00)) ((-1.689373e+02 -1.533387e+01 1.025311e+02) (-5.453887e-02 5.372208e-01 -5.215868e-03) (0.000000e+00 0.000000e+00 0.000000e+00))
134          	((-3.067483e+01 3.379177e+02 1.103596e-18) (1.074262e+00 1.090717e-01 -5.873677e-21) (0.000000e+00 0.000000e+00 0.000000e+00)) ((-1.689589e+02 -1.533741e+01 1.025448e+02) (-5.453584e-02 5.371310e-01 -5.225335e-03) (0.000000e+00 0.000000e+00 0.000000e+00))
135          	((-3.068201e+01 3.379604e+02 1.103929e-18) (1.074087e+00 1.090661e-01 -5.877019e-21) (0.000000e+00 0.000000e+00 0.000000e+00)) ((-1.689802e+02 -1.534101e+01 1.025579e+02) (-5.453304e-02 5.370437e-01 -5.234231e-03) (0.000000e+00 0.000000e+00 0.000000e+00))
136          	((-3.068893e+01 3.380018e+02 1.104200e-18) (1.073918e+00 1.090609e-01 -5.879605e-21) (0.000000e+00 0.000000e+00 0.000000e+00)) ((-1.690009e+02 -1.534446e+01 1.025702e+02) (-5.453044e-02 5.369588e-01 -5.242582e-03) (0.000000e+00 0.000000e+00 0.000000e+00))
137          	((-3.069533e+01 3.380386e+02 1.104491e-18) (1.073752e+00 1.090561e-01 -5.882558e-21) (0.000000e+00 0.000000e+00 0.000000e+00)) ((-1.690193e+02 -1.534766e+01 1.025805e+02) (-5.452804e-02 5.368762e-01 -5.250408e-03) (0.000000e+00 0.000000e+00 0.000000e+00))
138          	((-3.070122e+01 3.380734e+02 1.104742e-18) (1.073592e+00 1.090516e-01 -5.885065e-21) (0.000000e+00 0.000000e+00 0.000000e+00)) ((-1.690367e+02 -1.535061e+01 1.025901e+02) (-5.452582e-02 5.367960e-01 -5.257744e-03) (0.000000e+00 0.000000e+00 0.000000e+00))
139          	((-3.070672e+01 3.381061e+02 1.105002e-18) (1.073436e+00 1.090476e-01 -5.887750e-21) (0.000000e+00 0.000000e+00 0.000000e+00)) ((-1.690530e+02 -1.535336e+01 1.025990e+02) (-5.452379e-02 5.367181e-01 -5.264597e-03) (0.000000e+00 0.000000e+00 0.000000e+00))
140          	((-3.071202e+01 3.381379e+02 1.105273e-18) (1.073285e+00 1.090439e-01 -5.890600e-21) (0.000000e+00 0.000000e+00 0.000000e+00)) ((-1.690689e+02 -1.535601e+01 1.026081e+02) (-5.452193e-02 5.366423e-01 -5.270985e-03) (0.000000e+00 0.000000e+00 0.000000e+00))
141          	((-3.071733e+01 3.381691e+02 1.105573e-18) (1.073137e+00 1.090405e-01 -5.893815e-21) (0.000000e+00 0.000000e+00 0.000000e+00)) ((-1.690846e+02 -1.535866e+01 1.026172e+02) (-5.452024e-02 5.365685e-01 -5.276928e-03) (0.000000e+00 0.000000e+00 0.000000e+00))
142          	((-3.072274e+01 3.382010e+02 1.105842e-18) (1.072993e+00 1.090374e-01 -5.896579e-21) (0.000000e+00 0.000000e+00 0.000000e+00)) ((-1.691005e+02 -1.536137e+01 1.026269e+02) (-5.451869e-02 5.364965e-01 -5.282460e-03) (0.000000e+00 0.000000e+00 0.000000e+00))
143          	((-3.072822e+01 3.382321e+02 1.106118e-18) (1.072853e+00 1.090345e-01 -5.899427e-21) (0.000000e+00 0.000000e+00 0.000000e+00)) ((-1.691160e+02 -1.536411e+01 1.026362e+02) (-5.451726e-02 5.364265e-01 -5.287604e-03) (0.000000e+00 0.000000e+00 0.000000e+00))
144          	((-3.073367e+01 3.382622e+02 1.106372e-18) (1.072716e+00 1.090319e-01 -5.902010e-21) (0.000000e+00 0.000000e+00 0.000000e+00)) ((-1.691311e+02 -1.536683e+01 1.026450e+02) (-5.451596e-02 5.363582e-01 -5.292391e-03) (0.000000e+00 0.000000e+00 0.000000e+00))
145          	((-3.073890e+01 3.382904e+02 1.106606e-18) (1.072583e+00 1.090295e-01 -5.904383e-21) (0.000000e+00 0.000000e+00 0.000000e+00)) ((-1.691452e+02 -1.536945e+01 1.026529e+02) (-5.451475e-02 5.362917e-01 -5.296839e-03) (0.000000e+00 0.000000e+00 0.000000e+00))
146          	((-3.074379e+01 3.383169e+02 1.106802e-18) (1.072454e+00 1.090273e-01 -5.906311e-21) (0.000000e+00 0.000000e+00 0.000000e+00)) ((-1.691585e+02 -1.537190e+01 1.026600e+02) (-5.451366e-02 5.362270e-01 -5.300960e-03) (0.000000e+00 0.000000e+00 0.000000e+00))
147          	((-3.074828e+01 3.383412e+02 1.106994e-18) (1.072328e+00 1.090254e-01 -5.908278e-21) (0.000000e+00 0.000000e+00 0.000000e+00)) ((-1.691706e+02 -1.537414e+01 1.026663e+02) (-5.451269e-02 5.361642e-01 -5.304754e-03) (0.000000e+00 0.000000e+00 0.000000e+00))
148          	((-3.075244e+01 3.383638e+02 1.107190e-18) (1.072206e+00 1.090236e-01 -5.910325e-21) (0.000000e+00 0.000000e+00 0.000000e+00)) ((-1.691819e+02 -1.537622e+01 1.026721e+02) (-5.451182e-02 5.361030e-01 -5.308234e-03) (0.000000e+00 0.000000e+00 0.000000e+00))
149          	((-3.075642e+01 3.383856e+02 1.107390e-18) (1.072087e+00 1.090221e-01 -5.912447e-21) (0.000000e+00 0.000000e+00 0.000000e+00)) ((-1.691928e+02 -1.537821e+01 1.026778e+02) (-5.451105e-02 5.360436e-01 -5.311419e-03) (0.000000e+00 0.000000e+00 0.000000e+00))
150          	((-3.076034e+01 3.384068e+02 1.107604e-18) (1.071971e+00 1.090207e-01 -5.914748e-21) (0.000000e+00 0.000000e+00 0.000000e+00)) ((-1.692034e+02 -1.538017e+01 1.026836e+02) (-5.451037e-02 5.359857e-01 -5.314328e-03) (0.000000e+00 0.000000e+00 0.000000e+00))
151          	((-3.076429e+01 3.384280e+02 1.107811e-18) (1.071859e+00 1.090195e-01 -5.916942e-21) (0.000000e+00 0.000000e+00 0.000000e+00)) ((-1.692140e+02 -1.538214e+01 1.026894e+02) (-5.450977e-02 5.359293e-01 -5.316983e-03) (0.000000e+00 0.000000e+00 0.000000e+00))
152          	((-3.076822e+01 3.384491e+02 1.107992e-18) (1.071749e+00 1.090185e-01 -5.918790e-21) (0.000000e+00 0.000000e+00 0.000000e+00)) ((-1.692246e+02 -1.538411e+01 1.026953e+02) (-5.450923e-02 5.358744e-01 -5.319403e-03) (0.000000e+00 0.000000e+00 0.000000e+00))
153          	((-3.077077e+01 3.384598e+02 1.108120e-18) (1.071642e+00 1.090175e-01 -5.920361e-21) (0.000000e+00 0.000000e+00 0.000000e+00)) ((-1.692299e+02 -1.538539e+01 1.026980e+02) (-5.450873e-02 5.358211e-01 -5.321622e-03) (0.000000e+00 0.000000e+00 0.000000e+00))
154          	((-3.077556e+01 3.384857e+02 1.108327e-18) (1.071538e+00 1.090167e-01 -5.922147e-21) (0.000000e+00 0.000000e+00 0.000000e+00)) ((-1.692428e+02 -1.538778e+01 1.027049e+02) (-5.450834e-02 5.357691e-01 -5.323646e-03) (0.000000e+00 0.000000e+00 0.000000e+00))
155          	((-3.077984e+01 3.385099e+02 1.108511e-18) (1.071437e+00 1.090159e-01 -5.924096e-21) (0.000000e+00 0.000000e+00 0.000000e+00)) ((-1.692549e+02 -1.538992e+01 1.027114e+02) (-5.450793e-02 5.357185e-01 -5.325395e-03) (0.000000e+00 0.000000e+00 0.000000e+00))
156          	((-3.078308e+01 3.385281e+02 1.108643e-18) (1.071338e+00 1.090155e-01 -5.925456e-21) (0.000000e+00 0.000000e+00 0.000000e+00)) ((-1.692640e+02 -1.539154e+01 1.027162e+02) (-5.450773e-02 5.356692e-01 -5.326914e-03) (0.000000e+00 0.000000e+00 0.000000e+00))
157          	((-3.078481e+01 3.385345e+02 1.108739e-18) (1.071243e+00 1.090151e-01 -5.926741e-21) (0.000000e+00 0.000000e+00 0.000000e+00)) ((-1.692673e+02 -1.539240e+01 1.027176e+02) (-5.450754e-02 5.356215e-01 -5.328294e-03) (0.000000e+00 0.000000e+00 0.000000e+00))
158          	((-3.078776e+01 3.385475e+02 1.108888e-18) (1.071150e+00 1.090148e-01 -5.928009e-21) (0.000000e+00 0.000000e+00 0.000000e+00)) ((-1.692737e+02 -1.539388e+01 1.027201e+02) (-5.450738e-02 5.355750e-01 -5.329563e-03) (0.000000e+00 0.000000e+00 0.000000e+00))
159          	((-3.079073e+01 3.385615e+02 1.109036e-18) (1.071060e+00 1.090142e-01 -5.929568e-21) (0.000000e+00 0.000000e+00 0.000000e+00)) ((-1.692807e+02 -1.539537e+01 1.027229e+02) (-5.450712e-02 5.355298e-01 -5.330675e-03) (0.000000e+00 0.000000e+00 0.000000e+00))
160          	((-3.079261e+01 3.385690e+02 1.109136e-18) (1.070972e+00 1.090140e-01 -5.930822e-21) (0.000000e+00 0.000000e+00 0.000000e+00)) ((-1.692845e+02 -1.539630e+01 1.027245e+02) (-5.450701e-02 5.354860e-01 -5.331608e-03) (0.000000e+00 0.000000e+00 0.000000e+00))
161          	((-3.079589e+01 3.385877e+02 1.109293e-18) (1.070886e+00 1.090140e-01 -5.932318e-21) (0.000000e+00 0.000000e+00 0.000000e+00)) ((-1.692938e+02 -1.539795e+01 1.027294e+02) (-5.450700e-02 5.354432e-01 -5.332380e-03) (0.000000e+00 0.000000e+00 0.000000e+00))
162          	((-3.079881e+01 3.386054e+02 1.109416e-18) (1.070803e+00 1.090139e-01 -5.933712e-21) (0.000000e+00 0.000000e+00 0.000000e+00)) ((-1.693027e+02 -1.539941e+01 1.027345e+02) (-5.450697e-02 5.354015e-01 -5.332956e-03) (0.000000e+00 0.000000e+00 0.000000e+00))
163          	((-3.080037e+01 3.386121e+02 1.109494e-18) (1.070722e+00 1.090141e-01 -5.934721e-21) (0.000000e+00 0.000000e+00 0.000000e+00)) ((-1.693060e+02 -1.540018e+01 1.027363e+02) (-5.450703e-02 5.353611e-01 -5.333417e-03) (0.000000e+00 0.000000e+00 0.000000e+00))
164          	((-3.080295e+01 3.386247e+02 1.109612e-18) (1.070643e+00 1.090143e-01 -5.935740e-21) (0.000000e+00 0.000000e+00 0.000000e+00)) ((-1.693124e+02 -1.540148e+01 1.027396e+02) (-5.450714e-02 5.353217e-01 -5.333808e-03) (0.000000e+00 0.000000e+00 0.000000e+00))
165          	((-3.080533e+01 3.386355e+02 1.109720e-18) (1.070567e+00 1.090143e-01 -5.936875e-21) (0.000000e+00 0.000000e+00 0.000000e+00)) ((-1.693178e+02 -1.540266e+01 1.027419e+02) (-5.450713e-02 5.352834e-01 -5.334144e-03) (0.000000e+00 0.000000e+00 0.000000e+00))
166          	((-3.080670e+01 3.386404e+02 1.109788e-18) (1.070492e+00 1.090144e-01 -5.937739e-21) (0.000000e+00 0.000000e+00 0.000000e+00)) ((-1.693202e+02 -1.540335e+01 1.027427e+02) (-5.450721e-02 5.352462e-01 -5.334397e-03) (0.000000e+00 0.000000e+00 0.000000e+00))
167          	((-3.080897e+01 3.386507e+02 1.109883e-18) (1.070420e+00 1.090147e-01 -5.938558e-21) (0.000000e+00 0.000000e+00 0.000000e+00)) ((-1.693254e+02 -1.540448e+01 1.027444e+02) (-5.450736e-02 5.352099e-01 -5.334548e-03) (0.000000e+00 0.000000e+00 0.000000e+00))
168          	((-3.081094e+01 3.386605e+02 1.109969e-18) (1.070350e+00 1.090150e-01 -5.939541e-21) (0.000000e+00 0.000000e+00 0.000000e+00)) ((-1.693302e+02 -1.540547e+01 1.027462e+02) (-5.450748e-02 5.351748e-01 -5.334546e-03) (0.000000e+00 0.000000e+00 0.000000e+00))
169          	((-3.081203e+01 3.386647e+02 1.110028e-18) (1.070281e+00 1.090154e-01 -5.940339e-21) (0.000000e+00 0.000000e+00 0.000000e+00)) ((-1.693324e+02 -1.540602e+01 1.027471e+02) (-5.450769e-02 5.351406e-01 -5.334425e-03) (0.000000e+00 0.000000e+00 0.000000e+00))
170          	((-3.081377e+01 3.386739e+02 1.110124e-18) (1.070215e+00 1.090159e-01 -5.941224e-21) (0.000000e+00 0.000000e+00 0.000000e+00)) ((-1.693370e+02 -1.540689e+01 1.027493e+02) (-5.450794e-02 5.351073e-01 -5.334239e-03) (0.000000e+00 0.000000e+00 0.000000e+00))
171          	((-3.081491e+01 3.386786e+02 1.110187e-18) (1.070150e+00 1.090162e-01 -5.942046e-21) (0.000000e+00 0.000000e+00 0.000000e+00)) ((-1.693393e+02 -1.540745e+01 1.027505e+02) (-5.450810e-02 5.350750e-01 -5.334016e-03) (0.000000e+00 0.000000e+00 0.000000e+00))
172          	((-3.081679e+01 3.386890e+02 1.110282e-18) (1.070087e+00 1.090167e-01 -5.942853e-21) (0.000000e+00 0.000000e+00 0.000000e+00)) ((-1.693445e+02 -1.540839e+01 1.027532e+02) (-5.450834e-02 5.350434e-01 -5.333744e-03) (0.000000e+00 0.000000e+00 0.000000e+00))
173          	((-3.081840e+01 3.386981e+02 1.110351e-18) (1.070025e+00 1.090171e-01 -5.943581e-21) (0.000000e+00 0.000000e+00 0.000000e+00)) ((-1.693491e+02 -1.540920e+01 1.027556e+02) (-5.450855e-02 5.350127e-01 -5.333424e-03) (0.000000e+00 0.000000e+00 0.000000e+00))
174          	((-3.081925e+01 3.387012e+02 1.110393e-18) (1.069966e+00 1.090176e-01 -5.944157e-21) (0.000000e+00 0.000000e+00 0.000000e+00)) ((-1.693506e+02 -1.540963e+01 1.027562e+02) (-5.450882e-02 5.349829e-01 -5.333044e-03) (0.000000e+00 0.000000e+00 0.000000e+00))
175          	((-3.082020e+01 3.387043e+02 1.110438e-18) (1.069908e+00 1.090182e-01 -5.944645e-21) (0.000000e+00 0.000000e+00 0.000000e+00)) ((-1.693522e+02 -1.541010e+01 1.027566e+02) (-5.450911e-02 5.349538e-01 -5.332617e-03) (0.000000e+00 0.000000e+00 0.000000e+00))
176          	((-3.082186e+01 3.387109e+02 1.110508e-18) (1.069851e+00 1.090187e-01 -5.945245e-21) (0.000000e+00 0.000000e+00 0.000000e+00)) ((-1.693554e+02 -1.541093e+01 1.027573e+02) (-5.450935e-02 5.349255e-01 -5.332144e-03) (0.000000e+00 0.000000e+00 0.000000e+00))
177          	((-3.082324e+01 3.387171e+02 1.110560e-18) (1.069796e+00 1.090192e-01 -5.945787e-21) (0.000000e+00 0.000000e+00 0.000000e+00)) ((-1.693585e+02 -1.541162e+01 1.027582e+02) (-5.450960e-02 5.348981e-01 -5.331604e-03) (0.000000e+00 0.000000e+00 0.000000e+00))
178          	((-3.082389e+01 3.387194e+02 1.110595e-18) (1.069743e+00 1.090198e-01 -5.946266e-21) (0.000000e+00 0.000000e+00 0.000000e+00)) ((-1.693597e+02 -1.541195e+01 1.027586e+02) (-5.450991e-02 5.348714e-01 -5.331008e-03) (0.000000e+00 0.000000e+00 0.000000e+00))
179          	((-3.082454e+01 3.387218e+02 1.110633e-18) (1.069691e+00 1.090205e-01 -5.946687e-21) (0.000000e+00 0.000000e+00 0.000000e+00)) ((-1.693609e+02 -1.541227e+01 1.027591e+02) (-5.451023e-02 5.348453e-01 -5.330386e-03) (0.000000e+00 0.000000e+00 0.000000e+00))
180          	((-3.082555e+01 3.387271e+02 1.110687e-18) (1.069640e+00 1.090210e-01 -5.947147e-21) (0.000000e+00 0.000000e+00 0.000000e+00)) ((-1.693635e+02 -1.541277e+01 1.027601e+02) (-5.451051e-02 5.348200e-01 -5.329747e-03) (0.000000e+00 0.000000e+00 0.000000e+00))
181          	((-3.082619e+01 3.387296e+02 1.110724e-18) (1.069591e+00 1.090215e-01 -5.947631e-21) (0.000000e+00 0.000000e+00 0.000000e+00)) ((-1.693648e+02 -1.541309e+01 1.027606e+02) (-5.451077e-02 5.347953e-01 -5.329093e-03) (0.000000e+00 0.000000e+00 0.000000e+00))
182          	((-3.082712e+01 3.387346e+02 1.110770e-18) (1.069543e+00 1.090222e-01 -5.947983e-21) (0.000000e+00 0.000000e+00 0.000000e+00)) ((-1.693673e+02 -1.541356e+01 1.027616e+02) (-5.451110e-02 5.347713e-01 -5.328412e-03) (0.000000e+00 0.000000e+00 0.000000e+00))
183          	((-3.082766e+01 3.387366e+02 1.110799e-18) (1.069496e+00 1.090228e-01 -5.948395e-21) (0.000000e+00 0.000000e+00 0.000000e+00)) ((-1.693683e+02 -1.541383e+01 1.027619e+02) (-5.451140e-02 5.347480e-01 -5.327701e-03) (0.000000e+00 0.000000e+00 0.000000e+00))
184          	((-3.082824e+01 3.387386e+02 1.110828e-18) (1.069450e+00 1.090235e-01 -5.948687e-21) (0.000000e+00 0.000000e+00 0.000000e+00)) ((-1.693693e+02 -1.541412e+01 1.027622e+02) (-5.451173e-02 5.347252e-01 -5.326965e-03) (0.000000e+00 0.000000e+00 0.000000e+00))
185          	((-3.082919e+01 3.387425e+02 1.110868e-18) (1.069406e+00 1.090241e-01 -5.949010e-21) (0.000000e+00 0.000000e+00 0.000000e+00)) ((-1.693713e+02 -1.541459e+01 1.027628e+02) (-5.451203e-02 5.347030e-01 -5.326214e-03) (0.000000e+00 0.000000e+00 0.000000e+00))
186          	((-3.082970e+01 3.387443e+02 1.110892e-18) (1.069363e+00 1.090246e-01 -5.949329e-21) (0.000000e+00 0.000000e+00 0.000000e+00)) ((-1.693721e+02 -1.541485e+01 1.027630e+02) (-5.451231e-02 5.346815e-01 -5.325446e-03) (0.000000e+00 0.000000e+00 0.000000e+00))
187          	((-3.083038e+01 3.387469e+02 1.110916e-18) (1.069321e+00 1.090253e-01 -5.949487e-21) (0.000000e+00 0.000000e+00 0.000000e+00)) ((-1.693735e+02 -1.541519e+01 1.027631e+02) (-5.451264e-02 5.346605e-01 -5.324665e-03) (0.000000e+00 0.000000e+00 0.000000e+00))
188          	((-3.083073e+01 3.387479e+02 1.110934e-18) (1.069280e+00 1.090259e-01 -5.949763e-21) (0.000000e+00 0.000000e+00 0.000000e+00)) ((-1.693739e+02 -1.541537e+01 1.027631e+02) (-5.451293e-02 5.346402e-01 -5.323875e-03) (0.000000e+00 0.000000e+00 0.000000e+00))
189          	((-3.083108e+01 3.387486e+02 1.110952e-18) (1.069241e+00 1.090265e-01 -5.949956e-21) (0.000000e+00 0.000000e+00 0.000000e+00)) ((-1.693743e+02 -1.541554e+01 1.027630e+02) (-5.451325e-02 5.346203e-01 -5.323078e-03) (0.000000e+00 0.000000e+00 0.000000e+00))
190          	((-3.083153e+01 3.387492e+02 1.110977e-18) (1.069202e+00 1.090271e-01 -5.950149e-21) (0.000000e+00 0.000000e+00 0.000000e+00)) ((-1.693746e+02 -1.541577e+01 1.027623e+02) (-5.451354e-02 5.346009e-01 -5.322279e-03) (0.000000e+00 0.000000e+00 0.000000e+00))
191          	((-3.083183e+01 3.387497e+02 1.110994e-18) (1.069164e+00 1.090276e-01 -5.950377e-21) (0.000000e+00 0.000000e+00 0.000000e+00)) ((-1.693749e+02 -1.541591e+01 1.027621e+02) (-5.451382e-02 5.345822e-01 -5.321469e-03) (0.000000e+00 0.000000e+00 0.000000e+00))
192          	((-3.083212e+01 3.387502e+02 1.111011e-18) (1.069128e+00 1.090283e-01 -5.950536e-21) (0.000000e+00 0.000000e+00 0.000000e+00)) ((-1.693751e+02 -1.541606e+01 1.027620e+02) (-5.451413e-02 5.345639e-01 -5.320650e-03) (0.000000e+00 0.000000e+00 0.000000e+00))
193          	((-3.083247e+01 3.387511e+02 1.111026e-18) (1.069092e+00 1.090288e-01 -5.950590e-21) (0.000000e+00 0.000000e+00 0.000000e+00)) ((-1.693756e+02 -1.541623e+01 1.027617e+02) (-5.451442e-02 5.345461e-01 -5.319826e-03) (0.000000e+00 0.000000e+00 0.000000e+00))
194          	((-3.083268e+01 3.387517e+02 1.111036e-18) (1.069058e+00 1.090294e-01 -5.950733e-21) (0.000000e+00 0.000000e+00 0.000000e+00)) ((-1.693759e+02 -1.541634e+01 1.027617e+02) (-5.451471e-02 5.345289e-01 -5.318992e-03) (0.000000e+00 0.000000e+00 0.000000e+00))
195          	((-3.083289e+01 3.387522e+02 1.111047e-18) (1.069024e+00 1.090300e-01 -5.950840e-21) (0.000000e+00 0.000000e+00 0.000000e+00)) ((-1.693761e+02 -1.541644e+01 1.027617e+02) (-5.451501e-02 5.345121e-01 -5.318154e-03) (0.000000e+00 0.000000e+00 0.000000e+00))
196          	((-3.083312e+01 3.387527e+02 1.111058e-18) (1.068991e+00 1.090306e-01 -5.950893e-21) (0.000000e+00 0.000000e+00 0.000000e+00)) ((-1.693764e+02 -1.541656e+01 1.027615e+02) (-5.451529e-02 5.344957e-01 -5.317326e-03) (0.000000e+00 0.000000e+00 0.000000e+00))
197          	((-3.083328e+01 3.387529e+02 1.111063e-18) (1.068960e+00 1.090311e-01 -5.950977e-21) (0.000000e+00 0.000000e+00 0.000000e+00)) ((-1.693765e+02 -1.541664e+01 1.027613e+02) (-5.451554e-02 5.344799e-01 -5.316512e-03) (0.000000e+00 0.000000e+00 0.000000e+00))
198          	((-3.083343e+01 3.387529e+02 1.111067e-18) (1.068929e+00 1.090316e-01 -5.951007e-21) (0.000000e+00 0.000000e+00 0.000000e+00)) ((-1.693764e+02 -1.541671e+01 1.027610e+02) (-5.451581e-02 5.344644e-01 -5.315699e-03) (0.000000e+00 0.000000e+00 0.000000e+00))
199          	((-3.083357e+01 3.387515e+02 1.111070e-18) (1.068899e+00 1.090321e-01 -5.950985e-21) (0.000000e+00 0.000000e+00 0.000000e+00)) ((-1.693758e+02 -1.541678e+01 1.027597e+02) (-5.451606e-02 5.344494e-01 -5.314895e-03) (0.000000e+00 0.000000e+00 0.000000e+00))
200          	((-3.083367e+01 3.387510e+02 1.111074e-18) (1.068870e+00 1.090326e-01 -5.951053e-21) (0.000000e+00 0.000000e+00 0.000000e+00)) ((-1.693755e+02 -1.541683e+01 1.027592e+02) (-5.451631e-02 5.344349e-01 -5.314087e-03) (0.000000e+00 0.000000e+00 0.000000e+00))
201          	((-3.083374e+01 3.387503e+02 1.111077e-18) (1.068842e+00 1.090331e-01 -5.951082e-21) (0.000000e+00 0.000000e+00 0.000000e+00)) ((-1.693752e+02 -1.541687e+01 1.027587e+02) (-5.451657e-02 5.344208e-01 -5.313275e-03) (0.000000e+00 0.000000e+00 0.000000e+00))
202          	((-3.083373e+01 3.387479e+02 1.111077e-18) (1.068814e+00 1.090336e-01 -5.951035e-21) (0.000000e+00 0.000000e+00 0.000000e+00)) ((-1.693739e+02 -1.541686e+01 1.027572e+02) (-5.451681e-02 5.344071e-01 -5.312470e-03) (0.000000e+00 0.000000e+00 0.000000e+00))
203          	((-3.083376e+01 3.387473e+02 1.111079e-18) (1.068788e+00 1.090341e-01 -5.951073e-21) (0.000000e+00 0.000000e+00 0.000000e+00)) ((-1.693736e+02 -1.541688e+01 1.027568e+02) (-5.451705e-02 5.343938e-01 -5.311666e-03) (0.000000e+00 0.000000e+00 0.000000e+00))
204          	((-3.083376e+01 3.387466e+02 1.111080e-18) (1.068762e+00 1.090346e-01 -5.951075e-21) (0.000000e+00 0.000000e+00 0.000000e+00)) ((-1.693733e+02 -1.541688e+01 1.027565e+02) (-5.451730e-02 5.343809e-01 -5.310867e-03) (0.000000e+00 0.000000e+00 0.000000e+00))
205          	((-3.083365e+01 3.387446e+02 1.111076e-18) (1.068737e+00 1.090350e-01 -5.950973e-21) (0.000000e+00 0.000000e+00 0.000000e+00)) ((-1.693723e+02 -1.541682e+01 1.027555e+02) (-5.451752e-02 5.343683e-01 -5.310083e-03) (0.000000e+00 0.000000e+00 0.000000e+00))
206          	((-3.083363e+01 3.387440e+02 1.111075e-18) (1.068712e+00 1.090355e-01 -5.950965e-21) (0.000000e+00 0.000000e+00 0.000000e+00)) ((-1.693720e+02 -1.541682e+01 1.027551e+02) (-5.451773e-02 5.343562e-01 -5.309315e-03) (0.000000e+00 0.000000e+00 0.000000e+00))
207          	((-3.083359e+01 3.387433e+02 1.111072e-18) (1.068689e+00 1.090359e-01 -5.950922e-21) (0.000000e+00 0.000000e+00 0.000000e+00)) ((-1.693716e+02 -1.541680e+01 1.027547e+02) (-5.451794e-02 5.343445e-01 -5.308550e-03) (0.000000e+00 0.000000e+00 0.000000e+00))
208          	((-3.083343e+01 3.387407e+02 1.111060e-18) (1.068666e+00 1.090363e-01 -5.950756e-21) (0.000000e+00 0.000000e+00 0.000000e+00)) ((-1.693704e+02 -1.541671e+01 1.027533e+02) (-5.451814e-02 5.343331e-01 -5.307800e-03) (0.000000e+00 0.000000e+00 0.000000e+00))
209          	((-3.083337e+01 3.387398e+02 1.111053e-18) (1.068644e+00 1.090367e-01 -5.950688e-21) (0.000000e+00 0.000000e+00 0.000000e+00)) ((-1.693699e+02 -1.541669e+01 1.027528e+02) (-5.451833e-02 5.343221e-01 -5.307059e-03) (0.000000e+00 0.000000e+00 0.000000e+00))
210          	((-3.083329e+01 3.387385e+02 1.111047e-18) (1.068623e+00 1.090371e-01 -5.950625e-21) (0.000000e+00 0.000000e+00 0.000000e+00)) ((-1.693692e+02 -1.541665e+01 1.027522e+02) (-5.451853e-02 5.343114e-01 -5.306319e-03) (0.000000e+00 0.000000e+00 0.000000e+00))
211          	((-3.083305e+01 3.387349e+02 1.111034e-18) (1.068602e+00 1.090374e-01 -5.950456e-21) (0.000000e+00 0.000000e+00 0.000000e+00)) ((-1.693675e+02 -1.541653e+01 1.027503e+02) (-5.451871e-02 5.343011e-01 -5.305592e-03) (0.000000e+00 0.000000e+00 0.000000e+00))
212          	((-3.083296e+01 3.387336e+02 1.111028e-18) (1.068582e+00 1.090378e-01 -5.950399e-21) (0.000000e+00 0.000000e+00 0.000000e+00)) ((-1.693668e+02 -1.541648e+01 1.027497e+02) (-5.451889e-02 5.342912e-01 -5.304872e-03) (0.000000e+00 0.000000e+00 0.000000e+00))
213          	((-3.083284e+01 3.387322e+02 1.111022e-18) (1.068563e+00 1.090381e-01 -5.950327e-21) (0.000000e+00 0.000000e+00 0.000000e+00)) ((-1.693661e+02 -1.541642e+01 1.027491e+02) (-5.451907e-02 5.342815e-01 -5.304157e-03) (0.000000e+00 0.000000e+00 0.000000e+00))
214          	((-3.083254e+01 3.387287e+02 1.111007e-18) (1.068544e+00 1.090385e-01 -5.950139e-21) (0.000000e+00 0.000000e+00 0.000000e+00)) ((-1.693643e+02 -1.541627e+01 1.027475e+02) (-5.451924e-02 5.342722e-01 -5.303458e-03) (0.000000e+00 0.000000e+00 0.000000e+00))
215          	((-3.083241e+01 3.387274e+02 1.111000e-18) (1.068526e+00 1.090388e-01 -5.950053e-21) (0.000000e+00 0.000000e+00 0.000000e+00)) ((-1.693637e+02 -1.541621e+01 1.027470e+02) (-5.451940e-02 5.342632e-01 -5.302774e-03) (0.000000e+00 0.000000e+00 0.000000e+00))
216          	((-3.083212e+01 3.387245e+02 1.110984e-18) (1.068509e+00 1.090391e-01 -5.949863e-21) (0.000000e+00 0.000000e+00 0.000000e+00)) ((-1.693622e+02 -1.541606e+01 1.027457e+02) (-5.451955e-02 5.342545e-01 -5.302102e-03) (0.000000e+00 0.000000e+00 0.000000e+00))
217          	((-3.083199e+01 3.387234e+02 1.110976e-18) (1.068492e+00 1.090394e-01 -5.949769e-21) (0.000000e+00 0.000000e+00 0.000000e+00)) ((-1.693617e+02 -1.541600e+01 1.027453e+02) (-5.451970e-02 5.342461e-01 -5.301441e-03) (0.000000e+00 0.000000e+00 0.000000e+00))
218          	((-3.083169e+01 3.387206e+02 1.110958e-18) (1.068476e+00 1.090397e-01 -5.949571e-21) (0.000000e+00 0.000000e+00 0.000000e+00)) ((-1.693603e+02 -1.541584e+01 1.027441e+02) (-5.451984e-02 5.342381e-01 -5.300789e-03) (0.000000e+00 0.000000e+00 0.000000e+00))
219          	((-3.083154e+01 3.387193e+02 1.110949e-18) (1.068461e+00 1.090400e-01 -5.949464e-21) (0.000000e+00 0.000000e+00 0.000000e+00)) ((-1.693597e+02 -1.541577e+01 1.027435e+02) (-5.451998e-02 5.342303e-01 -5.300149e-03) (0.000000e+00 0.000000e+00 0.000000e+00))
220          	((-3.083120e+01 3.387159e+02 1.110930e-18) (1.068446e+00 1.090402e-01 -5.949256e-21) (0.000000e+00 0.000000e+00 0.000000e+00)) ((-1.693580e+02 -1.541560e+01 1.027420e+02) (-5.452010e-02 5.342228e-01 -5.299522e-03) (0.000000e+00 0.000000e+00 0.000000e+00))
221          	((-3.083103e+01 3.387144e+02 1.110920e-18) (1.068431e+00 1.090405e-01 -5.949140e-21) (0.000000e+00 0.000000e+00 0.000000e+00)) ((-1.693572e+02 -1.541552e+01 1.027414e+02) (-5.452023e-02 5.342156e-01 -5.298905e-03) (0.000000e+00 0.000000e+00 0.000000e+00))
222          	((-3.083068e+01 3.387107e+02 1.110901e-18) (1.068417e+00 1.090407e-01 -5.948931e-21) (0.000000e+00 0.000000e+00 0.000000e+00)) ((-1.693553e+02 -1.541534e+01 1.027397e+02) (-5.452035e-02 5.342086e-01 -5.298302e-03) (0.000000e+00 0.000000e+00 0.000000e+00))
223          	((-3.083036e+01 3.387076e+02 1.110885e-18) (1.068404e+00 1.090409e-01 -5.948738e-21) (0.000000e+00 0.000000e+00 0.000000e+00)) ((-1.693538e+02 -1.541518e+01 1.027384e+02) (-5.452046e-02 5.342020e-01 -5.297712e-03) (0.000000e+00 0.000000e+00 0.000000e+00))
224          	((-3.083021e+01 3.387066e+02 1.110876e-18) (1.068391e+00 1.090411e-01 -5.948642e-21) (0.000000e+00 0.000000e+00 0.000000e+00)) ((-1.693533e+02 -1.541511e+01 1.027381e+02) (-5.452057e-02 5.341955e-01 -5.297125e-03) (0.000000e+00 0.000000e+00 0.000000e+00))
225          	((-3.082986e+01 3.387039e+02 1.110858e-18) (1.068379e+00 1.090414e-01 -5.948449e-21) (0.000000e+00 0.000000e+00 0.000000e+00)) ((-1.693519e+02 -1.541493e+01 1.027370e+02) (-5.452068e-02 5.341893e-01 -5.296547e-03) (0.000000e+00 0.000000e+00 0.000000e+00))
226          	((-3.082952e+01 3.387011e+02 1.110840e-18) (1.068367e+00 1.090416e-01 -5.948239e-21) (0.000000e+00 0.000000e+00 0.000000e+00)) ((-1.693506e+02 -1.541476e+01 1.027360e+02) (-5.452078e-02 5.341834e-01 -5.295990e-03) (0.000000e+00 0.000000e+00 0.000000e+00))
227          	((-3.082934e+01 3.386998e+02 1.110830e-18) (1.068355e+00 1.090417e-01 -5.948118e-21) (0.000000e+00 0.000000e+00 0.000000e+00)) ((-1.693499e+02 -1.541467e+01 1.027355e+02) (-5.452087e-02 5.341777e-01 -5.295446e-03) (0.000000e+00 0.000000e+00 0.000000e+00))
228          	((-3.082897e+01 3.386964e+02 1.110809e-18) (1.068344e+00 1.090419e-01 -5.947889e-21) (0.000000e+00 0.000000e+00 0.000000e+00)) ((-1.693482e+02 -1.541448e+01 1.027340e+02) (-5.452096e-02 5.341722e-01 -5.294915e-03) (0.000000e+00 0.000000e+00 0.000000e+00))
229          	((-3.082862e+01 3.386930e+02 1.110789e-18) (1.068334e+00 1.090421e-01 -5.947663e-21) (0.000000e+00 0.000000e+00 0.000000e+00)) ((-1.693465e+02 -1.541431e+01 1.027326e+02) (-5.452104e-02 5.341670e-01 -5.294400e-03) (0.000000e+00 0.000000e+00 0.000000e+00))
230          	((-3.082831e+01 3.386904e+02 1.110774e-18) (1.068324e+00 1.090422e-01 -5.947502e-21) (0.000000e+00 0.000000e+00 0.000000e+00)) ((-1.693452e+02 -1.541416e+01 1.027315e+02) (-5.452112e-02 5.341620e-01 -5.293893e-03) (0.000000e+00 0.000000e+00 0.000000e+00))
231          	((-3.082815e+01 3.386894e+02 1.110764e-18) (1.068314e+00 1.090424e-01 -5.947393e-21) (0.000000e+00 0.000000e+00 0.000000e+00)) ((-1.693447e+02 -1.541407e+01 1.027311e+02) (-5.452120e-02 5.341572e-01 -5.293385e-03) (0.000000e+00 0.000000e+00 0.000000e+00))
232          	((-3.082775e+01 3.386864e+02 1.110745e-18) (1.068305e+00 1.090426e-01 -5.947193e-21) (0.000000e+00 0.000000e+00 0.000000e+00)) ((-1.693432e+02 -1.541388e+01 1.027300e+02) (-5.452128e-02 5.341526e-01 -5.292886e-03) (0.000000e+00 0.000000e+00 0.000000e+00))
233          	((-3.082737e+01 3.386833e+02 1.110725e-18) (1.068296e+00 1.090427e-01 -5.946969e-21) (0.000000e+00 0.000000e+00 0.000000e+00)) ((-1.693416e+02 -1.541368e+01 1.027288e+02) (-5.452135e-02 5.341482e-01 -5.292410e-03) (0.000000e+00 0.000000e+00 0.000000e+00))
234          	((-3.082704e+01 3.386805e+02 1.110707e-18) (1.068288e+00 1.090428e-01 -5.946767e-21) (0.000000e+00 0.000000e+00 0.000000e+00)) ((-1.693403e+02 -1.541352e+01 1.027278e+02) (-5.452141e-02 5.341441e-01 -5.291953e-03) (0.000000e+00 0.000000e+00 0.000000e+00))
235          	((-3.082686e+01 3.386793e+02 1.110697e-18) (1.068280e+00 1.090429e-01 -5.946641e-21) (0.000000e+00 0.000000e+00 0.000000e+00)) ((-1.693397e+02 -1.541343e+01 1.027273e+02) (-5.452147e-02 5.341400e-01 -5.291501e-03) (0.000000e+00 0.000000e+00 0.000000e+00))
236          	((-3.082648e+01 3.386762e+02 1.110676e-18) (1.068272e+00 1.090431e-01 -5.946419e-21) (0.000000e+00 0.000000e+00 0.000000e+00)) ((-1.693381e+02 -1.541324e+01 1.027261e+02) (-5.452153e-02 5.341362e-01 -5.291057e-03) (0.000000e+00 0.000000e+00 0.000000e+00))
237          	((-3.082611e+01 3.386732e+02 1.110657e-18) (1.068265e+00 1.090432e-01 -5.946212e-21) (0.000000e+00 0.000000e+00 0.000000e+00)) ((-1.693366e+02 -1.541306e+01 1.027249e+02) (-5.452159e-02 5.341326e-01 -5.290626e-03) (0.000000e+00 0.000000e+00 0.000000e+00))
238          	((-3.082578e+01 3.386705e+02 1.110639e-18) (1.068258e+00 1.090433e-01 -5.946016e-21) (0.000000e+00 0.000000e+00 0.000000e+00)) ((-1.693352e+02 -1.541289e+01 1.027238e+02) (-5.452164e-02 5.341291e-01 -5.290207e-03) (0.000000e+00 0.000000e+00 0.000000e+00))
239          	((-3.082547e+01 3.386683e+02 1.110623e-18) (1.068252e+00 1.090434e-01 -5.945842e-21) (0.000000e+00 0.000000e+00 0.000000e+00)) ((-1.693341e+02 -1.541274e+01 1.027230e+02) (-5.452169e-02 5.341259e-01 -5.289795e-03) (0.000000e+00 0.000000e+00 0.000000e+00))
240          	((-3.082529e+01 3.386672e+02 1.110613e-18) (1.068245e+00 1.090435e-01 -5.945724e-21) (0.000000e+00 0.000000e+00 0.000000e+00)) ((-1.693336e+02 -1.541265e+01 1.027227e+02) (-5.452174e-02 5.341227e-01 -5.289388e-03) (0.000000e+00 0.000000e+00 0.000000e+00))
241          	((-3.082488e+01 3.386643e+02 1.110593e-18) (1.068239e+00 1.090436e-01 -5.945518e-21) (0.000000e+00 0.000000e+00 0.000000e+00)) ((-1.693321e+02 -1.541244e+01 1.027216e+02) (-5.452178e-02 5.341197e-01 -5.288992e-03) (0.000000e+00 0.000000e+00 0.000000e+00))
242          	((-3.082449e+01 3.386611e+02 1.110573e-18) (1.068234e+00 1.090436e-01 -5.945287e-21) (0.000000e+00 0.000000e+00 0.000000e+00)) ((-1.693305e+02 -1.541225e+01 1.027204e+02) (-5.452182e-02 5.341169e-01 -5.288619e-03) (0.000000e+00 0.000000e+00 0.000000e+00))
243          	((-3.082416e+01 3.386583e+02 1.110556e-18) (1.068228e+00 1.090437e-01 -5.945107e-21) (0.000000e+00 0.000000e+00 0.000000e+00)) ((-1.693292e+02 -1.541208e+01 1.027193e+02) (-5.452185e-02 5.341142e-01 -5.288260e-03) (0.000000e+00 0.000000e+00 0.000000e+00))
244          	((-3.082388e+01 3.386562e+02 1.110540e-18) (1.068223e+00 1.090438e-01 -5.944927e-21) (0.000000e+00 0.000000e+00 0.000000e+00)) ((-1.693281e+02 -1.541194e+01 1.027185e+02) (-5.452188e-02 5.341117e-01 -5.287907e-03) (0.000000e+00 0.000000e+00 0.000000e+00))
245          	((-3.082371e+01 3.386552e+02 1.110530e-18) (1.068219e+00 1.090438e-01 -5.944807e-21) (0.000000e+00 0.000000e+00 0.000000e+00)) ((-1.693276e+02 -1.541185e+01 1.027182e+02) (-5.452191e-02 5.341093e-01 -5.287551e-03) (0.000000e+00 0.000000e+00 0.000000e+00))
246          	((-3.082332e+01 3.386526e+02 1.110510e-18) (1.068214e+00 1.090439e-01 -5.944606e-21) (0.000000e+00 0.000000e+00 0.000000e+00)) ((-1.693263e+02 -1.541166e+01 1.027172e+02) (-5.452195e-02 5.341070e-01 -5.287202e-03) (0.000000e+00 0.000000e+00 0.000000e+00))
247          	((-3.082294e+01 3.386497e+02 1.110491e-18) (1.068210e+00 1.090440e-01 -5.944404e-21) (0.000000e+00 0.000000e+00 0.000000e+00)) ((-1.693248e+02 -1.541147e+01 1.027161e+02) (-5.452198e-02 5.341049e-01 -5.286873e-03) (0.000000e+00 0.000000e+00 0.000000e+00))
248          	((-3.082261e+01 3.386470e+02 1.110474e-18) (1.068206e+00 1.090440e-01 -5.944211e-21) (0.000000e+00 0.000000e+00 0.000000e+00)) ((-1.693235e+02 -1.541131e+01 1.027151e+02) (-5.452200e-02 5.341029e-01 -5.286561e-03) (0.000000e+00 0.000000e+00 0.000000e+00))
249          	((-3.082233e+01 3.386449e+02 1.110459e-18) (1.068202e+00 1.090440e-01 -5.944042e-21) (0.000000e+00 0.000000e+00 0.000000e+00)) ((-1.693224e+02 -1.541116e+01 1.027143e+02) (-5.452201e-02 5.341010e-01 -5.286256e-03) (0.000000e+00 0.000000e+00 0.000000e+00))
250          	((-3.082206e+01 3.386431e+02 1.110444e-18) (1.068198e+00 1.090441e-01 -5.943885e-21) (0.000000e+00 0.000000e+00 0.000000e+00)) ((-1.693215e+02 -1.541103e+01 1.027137e+02) (-5.452203e-02 5.340992e-01 -5.285954e-03) (0.000000e+00 0.000000e+00 0.000000e+00))
251          	((-3.082177e+01 3.386413e+02 1.110430e-18) (1.068195e+00 1.090441e-01 -5.943726e-21) (0.000000e+00 0.000000e+00 0.000000e+00)) ((-1.693207e+02 -1.541089e+01 1.027130e+02) (-5.452205e-02 5.340976e-01 -5.285656e-03) (0.000000e+00 0.000000e+00 0.000000e+00))
252          	((-3.082147e+01 3.386393e+02 1.110415e-18) (1.068192e+00 1.090441e-01 -5.943571e-21) (0.000000e+00 0.000000e+00 0.000000e+00)) ((-1.693196e+02 -1.541074e+01 1.027123e+02) (-5.452207e-02 5.340960e-01 -5.285367e-03) (0.000000e+00 0.000000e+00 0.000000e+00))
253          	((-3.082117e+01 3.386370e+02 1.110400e-18) (1.068189e+00 1.090442e-01 -5.943405e-21) (0.000000e+00 0.000000e+00 0.000000e+00)) ((-1.693185e+02 -1.541059e+01 1.027115e+02) (-5.452209e-02 5.340945e-01 -5.285092e-03) (0.000000e+00 0.000000e+00 0.000000e+00))
254          	((-3.082087e+01 3.386347e+02 1.110384e-18) (1.068186e+00 1.090442e-01 -5.943223e-21) (0.000000e+00 0.000000e+00 0.000000e+00)) ((-1.693174e+02 -1.541044e+01 1.027107e+02) (-5.452210e-02 5.340932e-01 -5.284831e-03) (0.000000e+00 0.000000e+00 0.000000e+00))
255          	((-3.082059e+01 3.386326e+02 1.110368e-18) (1.068184e+00 1.090442e-01 -5.943050e-21) (0.000000e+00 0.000000e+00 0.000000e+00)) ((-1.693163e+02 -1.541029e+01 1.027098e+02) (-5.452210e-02 5.340919e-01 -5.284577e-03) (0.000000e+00 0.000000e+00 0.000000e+00))
256          	((-3.082031e+01 3.386306e+02 1.110353e-18) (1.068182e+00 1.090442e-01 -5.942888e-21) (0.000000e+00 0.000000e+00 0.000000e+00)) ((-1.693153e+02 -1.541015e+01 1.027091e+02) (-5.452211e-02 5.340908e-01 -5.284328e-03) (0.000000e+00 0.000000e+00 0.000000e+00))
257          	((-3.082003e+01 3.386288e+02 1.110339e-18) (1.068179e+00 1.090442e-01 -5.942732e-21) (0.000000e+00 0.000000e+00 0.000000e+00)) ((-1.693144e+02 -1.541002e+01 1.027085e+02) (-5.452212e-02 5.340897e-01 -5.284083e-03) (0.000000e+00 0.000000e+00 0.000000e+00))
258          	((-3.081975e+01 3.386270e+02 1.110324e-18) (1.068177e+00 1.090443e-01 -5.942579e-21) (0.000000e+00 0.000000e+00 0.000000e+00)) ((-1.693135e+02 -1.540988e+01 1.027079e+02) (-5.452213e-02 5.340887e-01 -5.283844e-03) (0.000000e+00 0.000000e+00 0.000000e+00))
259          	((-3.081948e+01 3.386251e+02 1.110311e-18) (1.068176e+00 1.090443e-01 -5.942439e-21) (0.000000e+00 0.000000e+00 0.000000e+00)) ((-1.693126e+02 -1.540974e+01 1.027072e+02) (-5.452213e-02 5.340878e-01 -5.283616e-03) (0.000000e+00 0.000000e+00 0.000000e+00))
260          	((-3.081921e+01 3.386232e+02 1.110298e-18) (1.068174e+00 1.090443e-01 -5.942295e-21) (0.000000e+00 0.000000e+00 0.000000e+00)) ((-1.693116e+02 -1.540960e+01 1.027065e+02) (-5.452213e-02 5.340870e-01 -5.283398e-03) (0.000000e+00 0.000000e+00 0.000000e+00))
261          	((-3.081895e+01 3.386213e+02 1.110284e-18) (1.068172e+00 1.090443e-01 -5.942138e-21) (0.000000e+00 0.000000e+00 0.000000e+00)) ((-1.693107e+02 -1.540947e+01 1.027059e+02) (-5.452213e-02 5.340862e-01 -5.283190e-03) (0.000000e+00 0.000000e+00 0.000000e+00))
262          	((-3.081869e+01 3.386195e+02 1.110270e-18) (1.068171e+00 1.090443e-01 -5.941985e-21) (0.000000e+00 0.000000e+00 0.000000e+00)) ((-1.693097e+02 -1.540935e+01 1.027052e+02) (-5.452213e-02 5.340855e-01 -5.282987e-03) (0.000000e+00 0.000000e+00 0.000000e+00))
263          	((-3.081844e+01 3.386177e+02 1.110256e-18) (1.068170e+00 1.090443e-01 -5.941837e-21) (0.000000e+00 0.000000e+00 0.000000e+00)) ((-1.693089e+02 -1.540922e+01 1.027046e+02) (-5.452213e-02 5.340849e-01 -5.282789e-03) (0.000000e+00 0.000000e+00 0.000000e+00))
264          	((-3.081819e+01 3.386161e+02 1.110243e-18) (1.068169e+00 1.090443e-01 -5.941693e-21) (0.000000e+00 0.000000e+00 0.000000e+00)) ((-1.693080e+02 -1.540909e+01 1.027040e+02) (-5.452213e-02 5.340844e-01 -5.282596e-03) (0.000000e+00 0.000000e+00 0.000000e+00))
265          	((-3.081794e+01 3.386144e+02 1.110231e-18) (1.068168e+00 1.090443e-01 -5.941564e-21) (0.000000e+00 0.000000e+00 0.000000e+00)) ((-1.693072e+02 -1.540897e+01 1.027034e+02) (-5.452213e-02 5.340839e-01 -5.282409e-03) (0.000000e+00 0.000000e+00 0.000000e+00))
266          	((-3.081769e+01 3.386128e+02 1.110218e-18) (1.068167e+00 1.090442e-01 -5.941424e-21) (0.000000e+00 0.000000e+00 0.000000e+00)) ((-1.693064e+02 -1.540885e+01 1.027028e+02) (-5.452212e-02 5.340835e-01 -5.282231e-03) (0.000000e+00 0.000000e+00 0.000000e+00))
267          	((-3.081745e+01 3.386111e+02 1.110206e-18) (1.068166e+00 1.090442e-01 -5.941298e-21) (0.000000e+00 0.000000e+00 0.000000e+00)) ((-1.693056e+02 -1.540873e+01 1.027023e+02) (-5.452212e-02 5.340831e-01 -5.282061e-03) (0.000000e+00 0.000000e+00 0.000000e+00))
268          	((-3.081722e+01 3.386095e+02 1.110194e-18) (1.068166e+00 1.090442e-01 -5.941162e-21) (0.000000e+00 0.000000e+00 0.000000e+00)) ((-1.693048e+02 -1.540861e+01 1.027017e+02) (-5.452211e-02 5.340828e-01 -5.281897e-03) (0.000000e+00 0.000000e+00 0.000000e+00))
269          	((-3.081699e+01 3.386080e+02 1.110182e-18) (1.068165e+00 1.090442e-01 -5.941030e-21) (0.000000e+00 0.000000e+00 0.000000e+00)) ((-1.693040e+02 -1.540850e+01 1.027012e+02) (-5.452210e-02 5.340825e-01 -5.281739e-03) (0.000000e+00 0.000000e+00 0.000000e+00))
270          	((-3.081677e+01 3.386065e+02 1.110170e-18) (1.068165e+00 1.090442e-01 -5.940909e-21) (0.000000e+00 0.000000e+00 0.000000e+00)) ((-1.693032e+02 -1.540838e+01 1.027006e+02) (-5.452210e-02 5.340823e-01 -5.281585e-03) (0.000000e+00 0.000000e+00 0.000000e+00))
271          	((-3.081655e+01 3.386050e+02 1.110158e-18) (1.068164e+00 1.090442e-01 -5.940780e-21) (0.000000e+00 0.000000e+00 0.000000e+00)) ((-1.693025e+02 -1.540827e+01 1.027001e+02) (-5.452209e-02 5.340822e-01 -5.281436e-03) (0.000000e+00 0.000000e+00 0.000000e+00))
272          	((-3.081633e+01 3.386035e+02 1.110147e-18) (1.068164e+00 1.090442e-01 -5.940655e-21) (0.000000e+00 0.000000e+00 0.000000e+00)) ((-1.693018e+02 -1.540816e+01 1.026996e+02) (-5.452208e-02 5.340821e-01 -5.281293e-03) (0.000000e+00 0.000000e+00 0.000000e+00))
273          	((-3.081611e+01 3.386021e+02 1.110136e-18) (1.068164e+00 1.090441e-01 -5.940541e-21) (0.000000e+00 0.000000e+00 0.000000e+00)) ((-1.693011e+02 -1.540806e+01 1.026991e+02) (-5.452207e-02 5.340820e-01 -5.281156e-03) (0.000000e+00 0.000000e+00 0.000000e+00))
274          	((-3.081590e+01 3.386007e+02 1.110125e-18) (1.068164e+00 1.090441e-01 -5.940421e-21) (0.000000e+00 0.000000e+00 0.000000e+00)) ((-1.693004e+02 -1.540795e+01 1.026986e+02) (-5.452206e-02 5.340820e-01 -5.281025e-03) (0.000000e+00 0.000000e+00 0.000000e+00))
275          	((-3.081569e+01 3.385993e+02 1.110115e-18) (1.068164e+00 1.090441e-01 -5.940304e-21) (0.000000e+00 0.000000e+00 0.000000e+00)) ((-1.692997e+02 -1.540785e+01 1.026982e+02) (-5.452205e-02 5.340820e-01 -5.280900e-03) (0.000000e+00 0.000000e+00 0.000000e+00))
276          	((-3.081550e+01 3.385980e+02 1.110105e-18) (1.068164e+00 1.090441e-01 -5.940199e-21) (0.000000e+00 0.000000e+00 0.000000e+00)) ((-1.692990e+02 -1.540775e+01 1.026977e+02) (-5.452204e-02 5.340820e-01 -5.280778e-03) (0.000000e+00 0.000000e+00 0.000000e+00))
277          	((-3.081530e+01 3.385967e+02 1.110094e-18) (1.068164e+00 1.090441e-01 -5.940086e-21) (0.000000e+00 0.000000e+00 0.000000e+00)) ((-1.692984e+02 -1.540765e+01 1.026973e+02) (-5.452203e-02 5.340821e-01 -5.280661e-03) (0.000000e+00 0.000000e+00 0.000000e+00))
278          	((-3.081511e+01 3.385954e+02 1.110085e-18) (1.068165e+00 1.090440e-01 -5.939984e-21) (0.000000e+00 0.000000e+00 0.000000e+00)) ((-1.692977e+02 -1.540755e+01 1.026968e+02) (-5.452202e-02 5.340823e-01 -5.280549e-03) (0.000000e+00 0.000000e+00 0.000000e+00))
279          	((-3.081492e+01 3.385942e+02 1.110075e-18) (1.068165e+00 1.090440e-01 -5.939874e-21) (0.000000e+00 0.000000e+00 0.000000e+00)) ((-1.692971e+02 -1.540746e+01 1.026964e+02) (-5.452200e-02 5.340824e-01 -5.280442e-03) (0.000000e+00 0.000000e+00 0.000000e+00))
280          	((-3.081473e+01 3.385930e+02 1.110065e-18) (1.068165e+00 1.090440e-01 -5.939768e-21) (0.000000e+00 0.000000e+00 0.000000e+00)) ((-1.692965e+02 -1.540737e+01 1.026960e+02) (-5.452199e-02 5.340826e-01 -5.280339e-03) (0.000000e+00 0.000000e+00 0.000000e+00))
281          	((-3.081455e+01 3.385918e+02 1.110056e-18) (1.068166e+00 1.090440e-01 -5.939672e-21) (0.000000e+00 0.000000e+00 0.000000e+00)) ((-1.692959e+02 -1.540728e+01 1.026956e+02) (-5.452198e-02 5.340828e-01 -5.280241e-03) (0.000000e+00 0.000000e+00 0.000000e+00))
